0.000000
0.000000
0.000000
0.000000
0.000000
0.001271
0.000000
0.000000
0.001237
0.000000
0.000035
0.000211
0.000000
0.000000
0.000000
0.000638
0.000000
0.000000
0.000000
0.000000
0.005728
0.000000
0.000000
0.001025
0.000000
0.000000
0.000353
0.000000
0.000000
0.000000
0.000000
0.000000
0.000212
0.000000
0.000000
0.000000
0.000000
0.001944
0.000000
0.000000
0.000000
0.000000
0.000000
0.000000
0.000000
0.000036
0.000826
0.000934
0.000000
0.000000
0.000000
0.000000
0.000000
0.000000
0.003025
0.000000
0.000000
0.000000
0.000000
0.000000
0.000000
0.000000
0.003174
0.000000
0.000000
0.000000
0.000900
0.000000
0.000360
0.000000
0.000000
0.000000
0.000000
0.000000
0.000000
0.000000
0.000000
0.000398
0.000000
0.001158
0.000000
0.000000
0.000362
0.000000
0.000000
0.000000
0.000217
0.000000
0.000217
0.000650
0.000000
0.000000
0.000000
0.000000
0.000000
0.001048
0.000000
0.001625
0.000000
0.000000
0.000000
0.000000
0.000000
0.000000
0.001015
0.000000
0.000145
0.000000
0.000000
0.000000
0.000000
0.000182
0.000000
0.000000
0.000000
0.000800
0.000000
0.000000
0.001201
0.000000
0.000000
0.002470
0.000000
0.000616
0.001811
0.000000
0.000000
0.000000
0.000000
0.000000
0.000000
0.000000
0.000000
0.001204
0.000000
0.000000
0.000000
0.000000
0.001789
0.000000
0.000000
0.000000
0.000513
0.000000
0.000000
0.001026
0.000000
0.000000
0.000000
0.000915
0.000000
0.000000
0.000366
0.000842
0.000000
0.000110
0.000000
0.000000
0.000404
0.002055
0.000000
0.000183
0.000000
0.000000
0.000000
0.000000
0.000074
0.000000
0.000000
0.000000
0.000036
0.001168
0.000000
0.000510
0.000000
0.000000
0.000000
0.000000
0.000000
0.000000
0.000073
0.001782
0.000000
0.000000
0.000000
0.000181
0.000000
0.000616
0.000000
0.002500
0.000000
0.000000
0.000000
0.000000
0.000000
0.000000
0.000000
0.000000
0.000182
0.000000
0.000000
0.000000
0.000146
0.000000
0.000000
0.001890
0.000000
0.000000
0.002000
0.000000
0.000000
0.000000
0.000000
0.000000
0.000000
0.000655
0.001819
0.000000
0.000000
0.000000
0.000000
0.000181
0.000000
0.000000
0.000000
0.000000
0.000000
0.000542
0.000000
0.000289
0.000000
0.000000
0.000000
0.001622
0.000000
0.000000
0.000829
0.000000
0.000899
0.000000
0.000755
0.000000
0.000000
0.000000
0.000000
0.000000
0.000000
0.000000
0.002879
0.000000
0.000000
0.001688
0.000000
0.000000
0.001051
0.000000
0.000000
0.000145
0.000000
0.000544
0.000000
0.000036
0.001127
0.001200
0.000000
0.000000
0.000946
0.000000
0.000145
0.000000
0.000943
0.000000
0.000471
0.000000
0.000000
0.000000
0.000000
0.000000
0.001739
0.000000
0.000072
0.000000
0.000000
0.000000
0.000000
0.000327
0.000000
0.002687
0.000000
0.000000
0.001015
0.000000
0.000000
0.000725
0.000000
0.000000
0.000000
0.000617
0.000907
0.000000
0.000834
0.000000
0.000000
0.000000
0.000000
0.000909
0.000000
0.000000
0.001421
0.000000
0.000000
0.000547
0.000000
0.000000
0.000762
0.000000
0.000000
0.002253
0.000000
0.000000
0.001236
0.000000
0.000363
0.000000
0.000000
0.000254
0.000399
0.000000
0.000653
0.000000
0.000000
0.000000
0.000327
0.000000
0.000836
0.000981
0.001743
0.000000
0.000000
0.000000
0.000000
0.000290
0.000000
0.000725
0.000000
0.000000
0.001338
0.000000
0.000000
0.000000
0.000619
0.001492
0.000000
0.000000
0.000000
0.000000
0.000183
0.000329
0.000000
0.000000
0.000073
0.000000
0.000000
0.000000
0.000000
0.000549
0.000000
0.000000
0.000073
0.000000
0.000146
0.000183
0.000000
0.000000
0.000000
0.000073
0.000547
0.000000
0.000000
0.000000
0.000000
0.000000
0.000000
0.000000
0.000146
0.000000
0.000000
0.000000
0.000401
0.000000
0.000000
0.000000
0.000621
0.000000
0.000000
0.000000
0.000000
0.000147
0.000442
0.001953
0.000000
0.000000
0.000000
0.000406
0.000000
0.000000
0.000000
0.000147
0.000000
0.000000
0.000000
0.000552
0.000000
0.001104
0.000000
0.000000
0.000000
0.000000
0.000000
0.000000
0.000000
0.006351
0.000000
0.000074
0.000000
0.000000
0.000000
0.001475
0.000000
0.001253
0.000000
0.000037
0.000000
0.000000
0.000918
0.000000
0.000000
0.000000
0.000515
0.000846
0.001177
0.000000
0.001618
0.000000
0.000000
0.000000
0.000000
0.000000
0.003289
0.000000
0.000000
0.000000
0.000885
0.000000
0.000000
0.001327
0.000000
0.000665
0.000000
0.000000
0.000000
0.000000
0.001283
0.001905
0.000000
0.000000
0.000000
0.000850
0.001699
0.000000
0.000000
0.000000
0.000000
0.001368
0.003694
0.000000
0.000000
0.002629
0.000000
0.000000
0.001169
0.000000
0.000790
0.000000
0.001130
0.000000
0.000000
0.000000
0.000000
0.000000
0.001055
0.002449
0.000000
0.000000
0.000000
0.000000
0.000000
0.000000
0.000000
0.002207
0.000000
0.000000
0.002651
0.000000
0.000000
0.001905
0.000000
0.000000
0.000411
0.000000
0.000000
0.000337
0.001945
0.000000
0.000000
0.000000
0.002411
0.000000
0.000000
0.000000
0.000000
0.000000
0.000000
0.000000
0.000000
0.001045
0.002090
0.000000
0.000000
0.001152
0.000000
0.000971
0.000000
0.002431
0.000000
0.000000
0.000000
0.000000
0.000448
0.000000
0.000000
0.000000
0.002583
0.003928
0.000000
0.000000
0.000000
0.000000
0.002880
0.005054
0.000000
0.001013
0.000000
0.000000
0.000000
0.001396
0.002442
0.003912
0.000000
0.000000
0.004392
0.000000
0.003410
0.000000
0.000000
0.000000
0.000000
0.000771
0.000000
0.001468
0.000000
0.000000
0.000116
0.000000
0.000000
0.000385
0.000000
0.000000
0.000000
0.000000
0.000000
0.000000
0.000000
0.001079
0.000000
0.000000
0.005106
0.000000
0.000000
0.000000
0.000000
0.005415
0.000000
0.000000
0.000000
0.001679
0.000000
0.000000
0.000000
0.000039
0.000000
0.006461
0.000000
0.003850
0.008682
0.010515
0.000000
0.000000
0.000000
0.000000
0.000075
0.001359
0.000000
0.000000
0.000000
0.000000
0.002519
0.000000
0.000000
0.000000
0.000000
0.000000
0.000302
0.001131
0.000000
0.000565
0.000000
0.000000
0.000000
0.000000
0.008606
0.000000
0.000000
0.000000
0.000000
0.000523
0.001607
0.001830
0.001980
0.000000
0.002823
0.000000
0.003074
0.000000
0.000516
0.000000
0.001684
0.004570
0.000000
0.000000
0.001973
0.000000
0.000000
0.000000
0.001157
0.000000
0.000000
0.000000
0.000000
0.000000
0.000000
0.000774
0.000000
0.000000
0.001549
0.000000
0.000000
0.005785
0.000000
0.000000
0.002340
0.000000
0.000000
0.000000
0.000000
0.000000
0.000000
0.000000
0.000219
0.000000
0.000000
0.003575
0.000000
0.000000
0.000000
0.000000
0.003984
0.000000
0.001265
0.000000
0.000000
0.000000
0.001009
0.000000
0.000000
0.000578
0.000000
0.000000
0.000000
0.000000
0.000000
0.002651
0.000000
0.001418
0.000000
0.000000
0.001084
0.000000
0.000000
0.000000
0.000901
0.000000
0.002161
0.004533
0.000000
0.000000
0.000000
0.000578
0.000000
0.000000
0.000000
0.000000
0.000000
0.000000
0.000000
0.000000
0.000000
0.000715
0.000000
0.000000
0.002407
0.002550
0.000000
0.000000
0.000000
0.000000
0.000000
0.000000
0.000711
0.000000
0.000640
0.000000
0.000000
0.000000
0.000000
0.000000
0.000000
0.000000
0.000000
0.000000
0.000000
0.000000
0.000000
0.000000
0.000000
0.000000
0.000000
0.000000
0.000314
0.000000
0.000000
0.000000
0.000000
0.000000
0.000000
0.000000
0.002454
0.000000
0.000000
0.002205
0.000000
0.000802
0.000000
0.000000
0.000000
0.000000
0.000000
0.000000
0.000000
0.000000
0.000000
0.000000
0.000000
0.000000
0.000000
0.000000
0.000000
0.000000
0.000316
0.000000
0.000000
0.000601
0.000743
0.000000
0.001627
0.000000
0.000000
0.000000
0.000000
0.000000
0.000000
0.001063
0.004603
0.000000
0.001060
0.000000
0.000000
0.000000
0.000000
0.003217
0.000000
0.000882
0.000000
0.000000
0.001239
0.002017
0.000000
0.000000
0.000035
0.000000
0.000461
0.000745
0.000000
0.001454
0.000000
0.000000
0.000000
0.000000
0.000749
0.000000
0.000000
0.000000
0.001931
0.000000
0.000107
0.001567
0.002706
0.000000
0.000000
0.000000
0.000814
0.000000
0.000461
0.000816
0.002164
0.000000
0.000000
0.000000
0.000000
0.000212
0.000000
0.002761
0.000000
0.000000
0.000036
0.000000
0.003045
0.000000
0.000000
0.000000
0.000036
0.000000
0.001387
0.003768
0.004725
0.000000
0.000355
0.000000
0.000000
0.002281
0.000000
0.000707
0.000000
0.000000
0.000000
0.000000
0.000388
0.000000
0.000000
0.000000
0.003456
0.000000
0.000000
0.000000
0.000000
0.000000
0.000213
0.000000
0.000000
0.000000
0.000000
0.000000
0.001784
0.000000
0.000000
0.000000
0.000000
0.000000
0.000215
0.001324
0.001360
0.001860
0.000000
0.000000
0.000000
0.000000
0.000000
0.000000
0.000000
0.001262
0.002234
0.000000
0.000000
0.002024
0.000000
0.000000
0.000000
0.000000
0.000000
0.000000
0.000000
0.000433
0.003317
0.000000
0.000000
0.000000
0.000000
0.001553
0.002203
0.000000
0.000000
0.000366
0.000000
0.000329
0.001681
0.000000
0.000000
0.000000
0.000000
0.000000
0.002420
0.000000
0.000000
0.000000
0.000000
0.000000
0.000000
0.000000
0.000000
0.000000
0.000000
0.000000
0.000000
0.001402
0.000000
0.000000
0.000295
0.000000
0.000000
0.000000
0.000000
0.000633
0.001525
0.002602
0.000000
0.000000
0.000000
0.000000
0.000000
0.001530
0.000000
0.000000
0.000000
0.000000
0.000000
0.000000
0.000000
0.000000
0.001676
0.000000
0.000000
0.000370
0.001110
0.000000
0.000963
0.000000
0.000000
0.000000
0.000000
0.000000
0.000000
0.000000
0.000000
0.000000
0.000371
0.000000
0.000816
0.001372
0.000000
0.000000
0.000000
0.000000
0.000000
0.001417
0.001790
0.002832
0.000000
0.000000
0.000746
0.000000
0.000000
0.000000
0.000000
0.000000
0.000000
0.000000
0.000000
0.000000
0.000000
0.003785
0.000000
0.000000
0.002078
0.000000
0.002487
0.000000
0.001774
0.000000
0.000000
0.000000
0.000296
0.000000
0.001000
0.000000
0.000000
0.000815
0.000000
0.000000
0.002203
0.000000
0.000000
0.000000
0.002440
0.000000
0.000000
0.000480
0.000000
0.002294
0.000000
0.001926
0.000000
0.000000
0.000000
0.000000
0.000000
0.001345
0.000000
0.000000
0.000950
0.000000
0.000219
0.001863
0.000000
0.000000
0.000000
0.000000
0.000000
0.000000
0.000000
0.000956
0.000000
0.000000
0.000074
0.000000
0.000000
0.000000
0.000000
0.002551
0.000000
0.000296
0.000000
0.000332
0.000406
0.003026
0.000000
0.000000
0.000000
0.000000
0.000000
0.000000
0.000776
0.000000
0.000000
0.000000
0.000000
0.000480
0.002360
0.003207
0.006222
0.000000
0.000000
0.000000
0.000000
0.000779
0.000816
0.000000
0.000000
0.000371
0.000000
0.002234
0.000000
0.000000
0.000112
0.000000
0.000000
0.000000
0.000335
0.000000
0.000000
0.001898
0.006245
0.007465
0.000000
0.000000
0.000000
0.000000
0.000000
0.000000
0.000000
0.000000
0.000037
0.000261
0.001343
0.000000
0.000000
0.000000
0.000000
0.000000
0.001633
0.000000
0.002715
0.000000
0.000000
0.000000
0.000000
0.000000
0.000000
0.001368
0.000000
0.000000
0.000000
0.000000
0.000000
0.000000
0.000000
0.000000
0.000000
0.000000
0.000000
0.000000
0.000000
0.000000
0.000000
0.000000
0.000000
0.000000
0.000000
0.000602
0.001241
0.000000
0.000000
0.000000
0.000190
0.000836
0.000000
0.000000
0.000000
0.000000
0.000000
0.000000
0.000000
0.000987
0.001405
0.000000
0.000000
0.001327
0.000000
0.000000
0.000987
0.000000
0.000000
0.000000
0.000000
0.000000
0.000000
0.003477
0.000000
0.000000
0.005572
0.000000
0.000266
0.000000
0.001520
0.001748
0.000000
0.000000
0.000000
0.000418
0.000000
0.002166
0.000000
0.000000
0.000000
0.000000
0.000000
0.001406
0.000000
0.000000
0.000000
0.000000
0.000151
0.000000
0.000000
0.000000
0.001746
0.000000
0.001206
0.000000
0.000453
0.000000
0.000000
0.000000
0.002574
0.000000
0.001698
0.000000
0.000000
0.001737
0.000000
0.000000
0.000000
0.000800
0.000000
0.001676
0.000000
0.000000
0.000000
0.000000
0.000000
0.000000
0.000000
0.000543
0.000000
0.000000
0.000000
0.000000
0.000000
0.001196
0.000000
0.001969
0.003202
0.000000
0.000000
0.000000
0.000000
0.001770
0.002270
0.000000
0.000000
0.001658
0.000000
0.000000
0.002471
0.000000
0.000000
0.001697
0.000000
0.001660
0.000000
0.000000
0.002159
0.000000
0.000000
0.000000
0.000500
0.000000
0.000385
0.000000
0.000385
0.000000
0.000000
0.000000
0.000000
0.002786
0.000000
0.000000
0.000000
0.001238
0.000000
0.000000
0.000504
0.003411
0.000000
0.000000
0.001349
0.000000
0.002918
0.000000
0.000000
0.000000
0.000000
0.000000
0.000000
0.000000
0.001378
0.000000
0.000000
0.002003
0.004156
0.000000
0.000115
0.001605
0.000000
0.000000
0.000000
0.000000
0.000000
0.001362
0.002644
0.000000
0.000000
0.000000
0.001327
0.006550
0.000000
0.000000
0.003933
0.000000
0.000000
0.000000
0.000000
0.000000
0.003565
0.000000
0.000000
0.000000
0.000000
0.000000
0.000389
0.000000
0.001169
0.000000
0.000000
0.001252
0.004689
0.000000
0.000000
0.002974
0.000000
0.000000
0.000000
0.000000
0.000000
0.000000
0.000000
0.000000
0.000000
0.000079
0.000990
0.000000
0.001702
0.000000
0.000000
0.000000
0.000000
0.000000
0.000000
0.000000
0.000000
0.000000
0.000000
0.000000
0.000952
0.000000
0.000794
0.004324
0.000000
0.000950
0.000000
0.000000
0.000000
0.002628
0.000000
0.001673
0.000000
0.000000
0.000000
0.000000
0.000000
0.002118
0.002756
0.000000
0.003586
0.000000
0.000000
0.003508
0.004660
0.000000
0.001194
0.000000
0.000000
0.002835
0.000000
0.000000
0.000353
0.000000
0.003146
0.000000
0.000236
0.000000
0.004535
0.000000
0.000000
0.000000
0.000000
0.001744
0.000000
0.002331
0.000000
0.000000
0.005111
0.000000
0.000000
0.000000
0.000000
0.002927
0.000000
0.000000
0.000000
0.000000
0.000655
0.000000
0.001387
0.000000
0.000000
0.000000
0.000000
0.000000
0.000000
0.005577
0.006265
0.000000
0.000000
0.000000
0.000383
0.000000
0.000537
0.000000
0.000000
0.000000
0.002032
0.000000
0.000000
0.002239
0.000000
0.000000
0.000000
0.000000
0.000000
0.000000
0.000269
0.000000
0.001967
0.000000
0.000000
0.000000
0.000000
0.000000
0.000311
0.000000
0.000000
0.000000
0.000000
0.000000
0.000000
0.000540
0.000000
0.000000
0.000000
0.000000
0.000000
0.000000
0.000766
0.000000
0.000000
0.000000
0.000000
0.000000
0.000000
0.000000
0.000000
0.000000
0.000000
0.000693
0.000000
0.003544
0.000000
0.000000
0.000000
0.000000
0.001171
0.000000
0.000000
0.000507
0.005188
0.000000
0.000312
0.002692
0.000000
0.000000
0.002567
0.000000
0.001917
0.000000
0.000000
0.000000
0.000429
0.000000
0.000000
0.001209
0.000000
0.000000
0.000000
0.004499
0.000000
0.000000
0.000889
0.000000
0.000000
0.000000
0.000000
0.000000
0.000000
0.000000
0.002931
0.000000
0.000000
0.000000
0.000986
0.000000
0.000000
0.000531
0.001365
0.000000
0.000000
0.000000
0.000000
0.000000
0.000000
0.000000
0.000000
0.000000
0.000000
0.000000
0.000000
0.000000
0.000000
0.000000
0.001967
0.000000
0.001695
0.000000
0.000000
0.000000
0.000376
0.000000
0.000000
0.000000
0.000000
0.000000
0.000000
0.000000
0.000000
0.000637
0.000749
0.000000
0.000000
0.000000
0.001492
0.000000
0.000000
0.000000
0.000000
0.000000
0.000000
0.000000
0.000302
0.001284
0.000000
0.000000
0.000000
0.000000
0.000000
0.000000
0.000000
0.000000
0.000000
0.000189
0.000000
0.000000
0.000000
0.002077
0.000000
0.000000
0.000000
0.001470
0.000000
0.001094
0.002111
0.003277
0.000000
0.000000
0.001549
0.000000
0.002417
0.002644
0.000000
0.000379
0.000000
0.000000
0.000000
0.000075
0.001541
0.002254
0.000000
0.000000
0.000000
0.000000
0.000000
0.002257
0.000000
0.001505
0.000000
0.000000
0.000900
0.000000
0.000000
0.000000
0.000000
0.000000
0.000937
0.000000
0.002026
0.000000
0.000000
0.000000
0.000000
0.000000
0.000000
0.002159
0.000000
0.000000
0.000000
0.000000
0.000384
0.000000
0.000805
0.000000
0.000038
0.000000
0.000000
0.000960
0.000000
0.000000
0.000542
0.000620
0.000000
0.000000
0.000000
0.000541
0.000000
0.000000
0.000000
0.000000
0.000194
0.000000
0.000000
0.000000
0.000000
0.000000
0.000000
0.001716
0.000000
0.002490
0.000000
0.002394
0.000000
0.000000
0.000000
0.003967
0.000000
0.000000
0.000307
0.000000
0.000000
0.000000
0.001913
0.000000
0.000421
0.000000
0.000000
0.000000
0.000000
0.000000
0.000000
0.000000
0.000422
0.001804
0.000000
0.000574
0.000000
0.000000
0.000000
0.000000
0.001610
0.000000
0.005174
0.000000
0.000841
0.001223
0.000000
0.002266
0.000000
0.000038
0.000000
0.000000
0.000000
0.000000
0.000000
0.000000
0.000000
0.000000
0.000194
0.000000
0.000000
0.001044
0.000000
0.000000
0.000000
0.000000
0.000000
0.000156
0.000000
0.000000
0.000000
0.000000
0.000000
0.000000
0.000000
0.000000
0.000000
0.000000
0.000000
0.000000
0.003043
0.000000
0.000078
0.001091
0.000000
0.000000
0.005819
0.000000
0.000000
0.007475
0.000000
0.000000
0.000000
0.000000
0.001877
0.000000
0.000000
0.000000
0.000000
0.003192
0.000000
0.001218
0.000000
0.006418
0.000000
0.002188
0.002801
0.000000
0.004423
0.010625
0.011805
0.000000
0.000000
0.000000
0.002734
0.000000
0.000000
0.001945
0.000000
0.000000
0.000488
0.000000
0.000000
0.000375
0.000000
0.000000
0.000038
0.000000
0.000000
0.000414
0.000000
0.003580
0.000000
0.000000
0.000000
0.000338
0.000000
0.000977
0.000000
0.000939
0.000000
0.001917
0.000000
0.000151
0.002185
0.000000
0.000000
0.000000
0.000000
0.000000
0.000038
0.000000
0.000607
0.000000
0.000000
0.000909
0.000000
0.000000
0.000000
0.000076
0.000000
0.000000
0.000000
0.000000
0.003789
0.000000
0.001746
0.000000
0.000418
0.000000
0.000000
0.000000
0.002309
0.000000
0.000000
0.000573
0.000000
0.000000
0.000000
0.001637
0.000000
0.000000
0.000000
0.000000
0.002146
0.002784
0.007365
0.000000
0.000000
0.000000
0.003032
0.000000
0.000000
0.000000
0.000000
0.002431
0.000000
0.000000
0.000000
0.000000
0.000000
0.000074
0.000000
0.000000
0.000000
0.000000
0.000111
0.000000
0.001637
0.000000
0.000000
0.001076
0.004784
0.000000
0.000000
0.000000
0.000000
0.001043
0.000000
0.000112
0.000000
0.000522
0.000000
0.000000
0.000000
0.000000
0.000000
0.000000
0.000000
0.001493
0.000000
0.000000
0.002979
0.000000
0.000000
0.000000
0.002951
0.000000
0.000000
0.000000
0.000000
0.000000
0.000000
0.000000
0.000000
0.000000
0.000000
0.000150
0.000000
0.000000
0.003447
0.000000
0.000000
0.000000
0.000000
0.000735
0.000000
0.000000
0.000000
0.000000
0.000000
0.000000
0.000000
0.000482
0.001969
0.000000
0.000000
0.001611
0.000000
0.000000
0.000000
0.000000
0.000000
0.000000
0.000000
0.000000
0.000000
0.000000
0.000000
0.001770
0.000000
0.000000
0.000000
0.000000
0.000603
0.000000
0.000000
0.000000
0.000000
0.000283
0.000000
0.000162
0.000000
0.000931
0.002064
0.000000
0.000809
0.000000
0.000000
0.001827
0.001989
0.000000
0.000000
0.000000
0.000769
0.000000
0.000000
0.000000
0.000000
0.000000
0.000000
0.000607
0.000000
0.000000
0.000000
0.000000
0.000163
0.000000
0.000000
0.000490
0.000817
0.000000
0.000000
0.000000
0.000245
0.000000
0.000695
0.001552
0.003144
0.000000
0.000000
0.000000
0.000000
0.000000
0.002092
0.000000
0.000205
0.000000
0.000000
0.000000
0.000000
0.000000
0.000493
0.000000
0.001030
0.000000
0.000000
0.004568
0.000000
0.000000
0.000000
0.000000
0.000736
0.000000
0.000737
0.000000
0.000000
0.000000
0.000610
0.000000
0.000000
0.000000
0.000000
0.000000
0.000000
0.000000
0.000163
0.000407
0.000000
0.000041
0.001377
0.000000
0.000000
0.000000
0.000000
0.000000
0.000000
0.000000
0.000000
0.000000
0.000000
0.000162
0.000000
0.000446
0.000000
0.000000
0.000326
0.000000
0.000000
0.000936
0.002442
0.000000
0.000000
0.000000
0.000408
0.000000
0.000000
0.001997
0.000000
0.000000
0.000000
0.000000
0.000000
0.000000
0.001420
0.000000
0.000000
0.000000
0.000000
0.000000
0.000000
0.000000
0.000000
0.000000
0.000000
0.000000
0.000203
0.000000
0.000000
0.001056
0.000000
0.000000
0.000000
0.000000
0.000000
0.000000
0.003492
0.000000
0.000000
0.000808
0.000000
0.000000
0.000000
0.000000
0.000000
0.000000
0.000804
0.000000
0.000000
0.000000
0.000000
0.003025
0.000000
0.000040
0.000847
0.000000
0.000000
0.000000
0.001130
0.000000
0.004525
0.000000
0.000000
0.000000
0.000404
0.003558
0.000000
0.000000
0.000000
0.000000
0.001087
0.000000
0.001860
0.000000
0.000243
0.000000
0.000000
0.001262
0.000000
0.000081
0.000000
0.000000
0.000000
0.002679
0.000000
0.000248
0.000000
0.000000
0.000000
0.000000
0.000787
0.001324
0.000000
0.000000
0.000000
0.000457
0.000000
0.000000
0.000000
0.000788
0.000000
0.000000
0.001161
0.002901
0.000000
0.000580
0.000000
0.000000
0.000000
0.000000
0.000000
0.000291
0.000000
0.002078
0.002991
0.000000
0.000830
0.000000
0.000000
0.000000
0.000000
0.000041
0.000000
0.000000
0.000000
0.000000
0.000000
0.000247
0.000000
0.000000
0.000331
0.000000
0.000000
0.000000
0.000000
0.000990
0.000000
0.000000
0.000000
0.002222
0.002304
0.003372
0.005135
0.000000
0.000247
0.000000
0.000000
0.000000
0.000000
0.000000
0.000000
0.000000
0.000000
0.000000
0.000000
0.002753
0.000000
0.000000
0.000000
0.001129
0.000000
0.000000
0.000000
0.001884
0.000000
0.000000
0.000375
0.000000
0.000333
0.003041
0.004246
0.000000
0.000000
0.000000
0.001169
0.000000
0.002880
0.000000
0.000000
0.000000
0.000000
0.000709
0.000000
0.001585
0.000000
0.000000
0.000000
0.000000
0.001253
0.000000
0.000292
0.004718
0.000000
0.002446
0.000000
0.000000
0.001538
0.002865
0.000000
0.000000
0.000000
0.000000
0.000000
0.000000
0.000000
0.000000
0.000000
0.000000
0.000000
0.000000
0.001352
0.000000
0.002526
0.000000
0.000000
0.000000
0.000000
0.000000
0.000000
0.000000
0.000000
0.000000
0.000000
0.000000
0.000042
0.000541
0.000000
0.000000
0.000000
0.000000
0.000458
0.000000
0.002206
0.000000
0.000000
0.000000
0.000000
0.000124
0.000000
0.000248
0.002438
0.000000
0.001033
0.002355
0.000000
0.000000
0.000000
0.000000
0.000000
0.000000
0.000741
0.000000
0.000000
0.001358
0.000000
0.000000
0.000000
0.000740
0.000000
0.000000
0.000455
0.000000
0.000000
0.000000
0.000703
0.000000
0.000000
0.000000
0.000000
0.000208
0.000000
0.004402
0.000000
0.000000
0.000000
0.001372
0.000000
0.000000
0.000000
0.000000
0.000000
0.001073
0.000000
0.000000
0.003053
0.000000
0.000000
0.000000
0.000000
0.000000
0.000000
0.000123
0.000000
0.000041
0.000000
0.002701
0.000000
0.000000
0.000000
0.000000
0.000000
0.000000
0.002951
0.003073
0.004013
0.000000
0.000000
0.000000
0.000000
0.000898
0.002530
0.000000
0.000000
0.003061
0.000000
0.000000
0.000452
0.000000
0.002041
0.000000
0.000000
0.000000
0.000000
0.000409
0.000000
0.000000
0.000286
0.000775
0.000000
0.001139
0.000000
0.000285
0.005700
0.000000
0.000000
0.000000
0.000000
0.000205
0.000000
0.000000
0.000000
0.000000
0.000453
0.001688
0.002141
0.004361
0.000000
0.000000
0.000208
0.000000
0.000000
0.000998
0.002742
0.000000
0.000000
0.000000
0.000000
0.000000
0.000000
0.000000
0.002235
0.002938
0.000000
0.000000
0.000000
0.000000
0.000622
0.001949
0.000000
0.000000
0.000000
0.005094
0.000000
0.000000
0.000000
0.003416
0.000000
0.002321
0.000000
0.000000
0.001037
0.000000
0.000415
0.000000
0.000000
0.000000
0.000000
0.000000
0.002273
0.000000
0.000000
0.000000
0.000000
0.000000
0.001834
0.002915
0.000000
0.000000
0.000000
0.000000
0.000000
0.000000
0.005212
0.000000
0.000000
0.000000
0.002451
0.000000
0.000000
0.006205
0.000000
0.003674
0.007460
0.000000
0.000000
0.000701
0.001402
0.000000
0.000000
0.000000
0.000000
0.000697
0.000000
0.003525
0.006180
0.000000
0.000000
0.000000
0.000082
0.000123
0.000000
0.000000
0.000000
0.000000
0.000000
0.000000
0.000000
0.000000
0.004662
0.000000
0.000000
0.000000
0.002259
0.000000
0.000000
0.001103
0.000000
0.000000
0.000244
0.000000
0.000000
0.000895
0.003539
0.000000
0.000000
0.000000
0.009049
0.000000
0.000000
0.000000
0.000000
0.000000
0.000000
0.000000
0.005267
0.000000
0.002080
0.000000
0.000000
0.002246
0.000000
0.001042
0.000000
0.002084
0.000000
0.000000
0.000000
0.000557
0.000000
0.004853
0.000000
0.000000
0.000160
0.000000
0.002042
0.000000
0.000160
0.000000
0.000000
0.000000
0.000362
0.000000
0.001088
0.000000
0.003503
0.000000
0.000000
0.000000
0.000000
0.000000
0.000000
0.000123
0.000000
0.000533
0.000000
0.000000
0.000000
0.000327
0.000000
0.000000
0.000000
0.000204
0.003024
0.000000
0.000000
0.005671
0.000000
0.000000
0.000000
0.000000
0.000000
0.000000
0.003088
0.000000
0.000000
0.000000
0.000209
0.000000
0.000463
0.000000
0.000000
0.000000
0.000000
0.000000
0.000000
0.004243
0.000000
0.000000
0.000000
0.000000
0.000000
0.000000
0.000000
0.000000
0.004168
0.000000
0.000909
0.000000
0.000000
0.000909
0.000953
0.001731
0.000000
0.000000
0.000000
0.000000
0.000000
0.003203
0.000000
0.000000
0.000000
0.000000
0.000000
0.000000
0.000000
0.000000
0.000000
0.000000
0.001644
0.002594
0.000000
0.000043
0.000000
0.000000
0.000000
0.000389
0.000000
0.000562
0.000000
0.000992
0.000000
0.000000
0.000000
0.000000
0.000258
0.000000
0.003650
0.000000
0.000000
0.000000
0.000954
0.000000
0.000000
0.000000
0.002308
0.000000
0.000000
0.002269
0.000000
0.000000
0.000000
0.000000
0.000000
0.001084
0.000000
0.000000
0.000000
0.000000
0.000000
0.000000
0.000000
0.000522
0.001218
0.003392
0.000000
0.000000
0.000000
0.000000
0.000000
0.000694
0.002427
0.000000
0.000000
0.003144
0.000000
0.000000
0.001088
0.000000
0.003838
0.000000
0.000000
0.000000
0.000044
0.000000
0.000000
0.000000
0.000000
0.000000
0.000000
0.000000
0.002947
0.003210
0.011496
0.000000
0.000000
0.000000
0.000000
0.000000
0.000000
0.000000
0.000000
0.000000
0.000000
0.005038
0.000000
0.000000
0.000000
0.000000
0.000000
0.000000
0.000000
0.000000
0.000000
0.000225
0.000000
0.000000
0.000000
0.001134
0.003534
0.005703
0.000000
0.000000
0.000000
0.000000
0.000000
0.000000
0.002602
0.000000
0.001595
0.000000
0.000000
0.000000
0.000000
0.000880
0.001382
0.000000
0.002188
0.000000
0.000000
0.000000
0.002633
0.000000
0.000000
0.000000
0.005941
0.000000
0.000000
0.000918
0.001668
0.000000
0.000000
0.000000
0.001007
0.000000
0.000000
0.000000
0.000000
0.000000
0.000000
0.000209
0.002260
0.000000
0.001556
0.000000
0.000000
0.002288
0.000000
0.000000
0.000000
0.000000
0.003226
0.000000
0.000000
0.006308
0.000000
0.000000
0.002782
0.000000
0.000000
0.000124
0.001117
0.003802
0.000000
0.000000
0.000000
0.000000
0.001925
0.002784
0.000000
0.000000
0.000000
0.000000
0.000000
0.000000
0.000000
0.000000
0.000999
0.000000
0.000000
0.000000
0.000000
0.000000
0.000000
0.003504
0.004169
0.000000
0.000000
0.000000
0.000000
0.000000
0.000000
0.001002
0.000000
0.000000
0.000000
0.006536
0.000000
0.000000
0.000000
0.000000
0.000000
0.000000
0.000000
0.000764
0.000000
0.000000
0.001658
0.003017
0.000000
0.000000
0.000000
0.000000
0.000000
0.000000
0.000000
0.000000
0.000000
0.000000
0.001191
0.000000
0.000000
0.000000
0.000000
0.000000
0.000000
0.000809
0.000000
0.000000
0.000000
0.000298
0.000000
0.000681
0.000000
0.000425
0.001573
0.000000
0.000424
0.000000
0.000212
0.000000
0.001530
0.000000
0.000595
0.000000
0.000000
0.000000
0.002806
0.000000
0.000000
0.000000
0.000000
0.000000
0.003605
0.000000
0.000000
0.000000
0.000000
0.000000
0.000170
0.000424
0.000000
0.000763
0.000000
0.000000
0.000000
0.000000
0.000000
0.000000
0.000000
0.000000
0.001460
0.000000
0.000000
0.001963
0.000000
0.005133
0.000000
0.000000
0.005307
0.000000
0.000000
0.000000
0.000000
0.000000
0.000000
0.000000
0.000000
0.001639
0.000000
0.000000
0.000000
0.000000
0.000087
0.000000
0.000000
0.006053
0.000000
0.000000
0.000000
0.000044
0.000000
0.000307
0.000000
0.000000
0.000000
0.000000
0.000000
0.000000
0.000000
0.000892
0.002719
0.000000
0.000000
0.000000
0.000000
0.000000
0.000000
0.000000
0.000000
0.000000
0.000000
0.000000
0.000000
0.000137
0.000000
0.001736
0.000000
0.000000
0.000000
0.000000
0.000000
0.000000
0.000137
0.000000
0.003066
0.000000
0.000000
0.000595
0.002151
0.000000
0.000000
0.000000
0.000000
0.000137
0.000594
0.000000
0.002515
0.000000
0.001278
0.000000
0.000000
0.000000
0.000000
0.000000
0.000000
0.000000
0.003332
0.000000
0.000000
0.000274
0.003152
0.000000
0.000000
0.001624
0.000000
0.001172
0.000000
0.000000
0.000000
0.000000
0.000000
0.000361
0.000000
0.000000
0.000000
0.000000
0.000000
0.002042
0.000000
0.000000
0.000000
0.000000
0.000000
0.000000
0.000000
0.000000
0.000000
0.000972
0.000000
0.000000
0.000000
0.000000
0.001535
0.000000
0.000000
0.000000
0.000000
0.000000
0.001209
0.001766
0.000000
0.000000
0.000000
0.000465
0.000000
0.000000
0.000000
0.000000
0.000000
0.004081
0.000000
0.000000
0.000000
0.000000
0.000000
0.001344
0.000000
0.000000
0.000000
0.001029
0.000000
0.000000
0.000000
0.001730
0.000000
0.000000
0.000000
0.001165
0.001956
0.000000
0.000000
0.000000
0.000324
0.000000
0.000000
0.000000
0.002174
0.000000
0.000000
0.000000
0.000000
0.000000
0.001112
0.000000
0.002835
0.000000
0.000000
0.000000
0.000000
0.000138
0.002214
0.000000
0.000000
0.000000
0.000000
0.000000
0.002227
0.000000
0.000000
0.000000
0.000235
0.000000
0.001081
0.000000
0.000000
0.000000
0.000000
0.000553
0.000000
0.000138
0.000000
0.001474
0.000000
0.000000
0.001337
0.000000
0.000000
0.001012
0.003173
0.000000
0.000000
0.000000
0.000412
0.000778
0.000000
0.000000
0.000826
0.000000
0.002298
0.000000
0.000000
0.000000
0.000000
0.000514
0.000000
0.000000
0.000000
0.000000
0.000704
0.001361
0.000000
0.000000
0.000846
0.001785
0.000000
0.000565
0.000707
0.000000
0.007807
0.000000
0.000991
0.002312
0.000000
0.000000
0.000000
0.000430
0.000000
0.000621
0.000000
0.000000
0.000000
0.000000
0.000000
0.000000
0.000000
0.000000
0.000000
0.000000
0.000148
0.000000
0.000000
0.000000
0.000000
0.000000
0.000000
0.000000
0.000000
0.000000
0.000000
0.000099
0.000000
0.000000
0.000197
0.000000
0.000345
0.000000
0.000000
0.000049
0.000000
0.000000
0.003744
0.000000
0.000789
0.004088
0.000000
0.000000
0.000000
0.000148
0.000000
0.002315
0.000000
0.000000
0.000000
0.000000
0.001189
0.000000
0.000000
0.000000
0.001863
0.000000
0.004023
0.000000
0.004569
0.006892
0.000000
0.000000
0.000000
0.000000
0.000000
0.000000
0.000000
0.010408
0.000000
0.000000
0.000000
0.000000
0.002061
0.000000
0.000000
0.000000
0.000000
0.001759
0.000000
0.000000
0.000000
0.000000
0.000000
0.000000
0.000941
0.000000
0.005769
0.000000
0.004288
0.000000
0.000000
0.000000
0.000000
0.000000
0.000000
0.000000
0.000000
0.001144
0.000000
0.001543
0.000000
0.000000
0.000000
0.000000
0.001378
0.001951
0.002410
0.008996
0.000000
0.000000
0.000685
0.000000
0.000000
0.000918
0.002408
0.000000
0.002065
0.000000
0.000000
0.000000
0.000000
0.000000
0.000000
0.000000
0.000000
0.000000
0.000000
0.002556
0.003349
0.000000
0.000000
0.000000
0.000000
0.000000
0.001502
0.000000
0.000000
0.000000
0.000000
0.000000
0.000988
0.000000
0.000000
0.000000
0.000000
0.000000
0.000000
0.000000
0.000000
0.000000
0.003528
0.000000
0.000000
0.000000
0.000000
0.000406
0.000000
0.000000
0.001971
0.000000
0.000000
0.000407
0.002501
0.000000
0.000000
0.000000
0.000000
0.000000
0.000982
0.001155
0.001905
0.000000
0.000058
0.000000
0.000000
0.000000
0.000000
0.003707
0.005207
0.000000
0.000000
0.000000
0.000000
0.000748
0.000000
0.001669
0.000000
0.000000
0.000000
0.000000
0.000000
0.000000
0.000000
0.000000
0.000000
0.000000
0.000000
0.000698
0.001977
0.000000
0.000000
0.000000
0.000000
0.000000
0.000000
0.000757
0.000815
0.000000
0.000000
0.000000
0.000000
0.000410
0.000000
0.000000
0.000000
0.000000
0.000000
0.002888
0.000000
0.001295
0.000000
0.000000
0.000000
0.000000
0.000000
0.002014
0.000000
0.000000
0.000000
0.003270
0.007299
0.000000
0.000000
0.000000
0.000764
0.000000
0.000528
0.001231
0.000000
0.000000
0.000000
0.000000
0.000000
0.001119
0.002472
0.000000
0.000000
0.000878
0.000000
0.000000
0.000000
0.000000
0.000589
0.000000
0.001828
0.000000
0.001714
0.000000
0.000059
0.000000
0.000000
0.001943
0.000000
0.000000
0.000000
0.000000
0.000000
0.000000
0.001004
0.002596
0.000000
0.000000
0.000000
0.000000
0.000000
0.000000
0.000000
0.000000
0.000000
0.000000
0.000000
0.002258
0.000000
0.000000
0.000000
0.000000
0.000000
0.000000
0.000000
0.000000
0.000000
0.000000
0.000000
0.000000
0.000000
0.001589
0.001711
0.000000
0.000000
0.000000
0.000000
0.000000
0.000000
0.000245
0.000000
0.000000
0.000000
0.000000
0.001218
0.000000
0.000244
0.001280
0.000000
0.000000
0.000000
0.000000
0.000366
0.009829
0.000000
0.000000
0.000000
0.000000
0.000000
0.000000
0.001754
0.003254
0.000000
0.000000
0.000000
0.000000
0.001845
0.000000
0.000382
0.006616
0.000000
0.000313
0.000000
0.000063
0.000000
0.000000
0.000000
0.000000
0.000000
0.000000
0.001822
0.003765
0.000000
0.000000
0.000000
0.000000
0.000000
0.000000
0.000000
0.000000
0.002607
0.000000
0.000000
0.000000
0.001261
0.000000
0.006778
0.000000
0.000000
0.001216
0.000000
0.000000
0.000000
0.000000
0.000000
0.000000
0.000000
0.000000
0.000000
0.000000
0.000000
0.001939
0.000000
0.000000
0.000556
0.000000
0.000000
0.001544
0.002037
0.002468
0.000000
0.000000
0.000428
0.000000
0.000000
0.000000
0.000000
0.000000
0.000000
0.000303
0.001696
0.000000
0.001029
0.000000
0.000000
0.002181
0.000000
0.000000
0.000060
0.001869
0.000000
0.000000
0.000000
0.000000
0.000000
0.000000
0.000302
0.000000
0.000000
0.000602
0.000000
0.000000
0.000000
0.003576
0.000000
0.000665
0.000000
0.000000
0.000060
0.000000
0.000545
0.005209
0.000000
0.000000
0.000000
0.000308
0.000000
0.000000
0.000000
0.000000
0.000427
0.000000
0.000000
0.000000
0.000000
0.000061
0.003110
0.000000
0.000000
0.000000
0.000241
0.000000
0.000000
0.000000
0.000000
0.000000
0.000182
0.000000
0.001333
0.003451
0.000000
0.000000
0.000000
0.000000
0.005569
0.000000
0.000000
0.000000
0.000000
0.000000
0.000000
0.001144
0.000000
0.000000
0.000000
0.000000
0.000061
0.000000
0.000000
0.000000
0.000000
0.000000
0.000000
0.000000
0.002857
0.000000
0.000000
0.000000
0.000000
0.000000
0.000000
0.000000
0.000000
0.000378
0.000000
0.000000
0.001381
0.000000
0.000000
0.000000
0.000439
0.000000
0.000000
0.000000
0.000000
0.001007
0.000000
0.000000
0.000000
0.000000
0.000000
0.000000
0.000000
0.001846
0.000000
0.000000
0.000000
0.000000
0.001649
0.000000
0.000881
0.000000
0.000000
0.000000
0.000000
0.000000
0.000000
0.002607
0.000000
0.000000
0.000000
0.000000
0.000000
0.000000
0.000000
0.000905
0.003230
0.000000
0.000000
0.000000
0.000000
0.000000
0.001240
0.000000
0.000000
0.000000
0.000852
0.000000
0.000000
0.000000
0.000000
0.000000
0.000000
0.001306
0.000000
0.000000
0.001111
0.000000
0.000000
0.001703
0.000000
0.000000
0.000000
0.000000
0.000000
0.000000
0.000000
0.000000
0.000131
0.000000
0.000000
0.000000
0.000000
0.000000
0.000000
0.000784
0.000000
0.004767
0.000000
0.000000
0.000000
0.000000
0.000000
0.000000
0.000853
0.000000
0.000000
0.001575
0.000000
0.000000
0.000000
0.001179
0.002748
0.000000
0.000000
0.000000
0.000000
0.001111
0.000000
0.000000
0.003331
0.008343
0.000000
0.000000
0.005616
0.000000
0.001680
0.000000
0.000000
0.000000
0.000000
0.000000
0.000000
0.000521
0.001498
0.000000
0.000000
0.000000
0.000000
0.000000
0.003137
0.000000
0.000000
0.000000
0.000000
0.000000
0.000999
0.003460
0.000000
0.000000
0.000000
0.000000
0.000000
0.000000
0.000000
0.000000
0.002143
0.000000
0.000000
0.000000
0.000000
0.000000
0.000200
0.000000
0.002873
0.004272
0.000000
0.000000
0.002795
0.000000
0.000000
0.000595
0.000000
0.000132
0.002242
0.008097
0.000000
0.000000
0.000000
0.002637
0.000000
0.000000
0.000000
0.000000
0.000000
0.000000
0.000000
0.000000
0.000000
0.000000
0.000992
0.000000
0.000000
0.000000
0.003687
0.000000
0.000000
0.004704
0.000000
0.000000
0.000000
0.000846
0.000000
0.000914
0.000000
0.000000
0.000000
0.000000
0.001704
0.000000
0.000000
0.000000
0.000000
0.000000
0.000000
0.000000
0.000000
0.000000
0.003294
0.000000
0.000000
0.000000
0.000000
0.000000
0.000000
0.000000
0.000000
0.000000
0.000000
0.000402
0.000000
0.000000
0.000336
0.004765
0.000000
0.000000
0.000067
0.000000
0.000940
0.000000
0.000000
0.000000
0.000000
0.000000
0.000000
0.000000
0.003094
0.000000
0.000000
0.000135
0.001423
0.000000
0.000068
0.000000
0.000000
0.000000
0.000000
0.000000
0.000000
0.001195
0.001406
0.000000
0.000000
0.000000
0.000141
0.000000
0.000000
0.000282
0.000000
0.000000
0.000000
0.000000
0.000000
0.001336
0.000000
0.000000
0.000000
0.000000
0.000000
0.000000
0.000000
0.003443
0.000000
0.000000
0.000000
0.000000
0.000000
0.000000
0.000000
0.000000
0.000000
0.000425
0.000000
0.000000
0.000000
0.000283
0.000000
0.000000
0.000000
0.000000
0.000000
0.000566
0.000000
0.000000
0.001772
0.000000
0.000567
0.000000
0.000213
0.000993
0.000000
0.000141
0.000000
0.000354
0.000000
0.000000
0.000000
0.000000
0.000000
0.000000
0.000000
0.000000
0.000000
0.002618
0.000000
0.000000
0.000000
0.000000
0.000000
0.000000
0.000000
0.000000
0.000000
0.000000
0.000000
0.001836
0.005711
0.006624
0.000000
0.000000
0.000000
0.000000
0.001630
0.000000
0.000921
0.000000
0.000000
0.000000
0.000000
0.000000
0.000570
0.002633
0.000000
0.000000
0.000568
0.000000
0.000853
0.000000
0.002278
0.000000
0.000000
0.000000
0.000000
0.002414
0.000000
0.000000
0.000000
0.000000
0.000000
0.000000
0.000860
0.000000
0.000717
0.003154
0.000000
0.000000
0.000000
0.000719
0.000000
0.000788
0.000000
0.000000
0.000000
0.000000
0.000000
0.000000
0.000000
0.000000
0.000000
0.000498
0.000000
0.000000
0.002850
0.000000
0.000712
0.000000
0.000000
0.000000
0.000640
0.001422
0.000000
0.000000
0.000000
0.003067
0.000000
0.001425
0.000000
0.000000
0.000000
0.000000
0.000000
0.000000
0.000799
0.000000
0.001889
0.004065
0.000000
0.000000
0.000000
0.000000
0.001966
0.003057
0.000000
0.000000
0.000000
0.000000
0.001163
0.000000
0.002254
0.000000
0.000000
0.001378
0.000000
0.005367
0.000000
0.000000
0.000000
0.000000
0.000000
0.000000
0.001166
0.000000
0.001605
0.000000
0.000000
0.000000
0.000000
0.001374
0.000000
0.000000
0.000000
0.000000
0.000000
0.000000
0.000000
0.000000
0.001603
0.000000
0.000000
0.000000
0.000000
0.000000
0.000000
0.000000
0.000000
0.000000
0.000297
0.000000
0.000000
0.000000
0.001403
0.007009
0.007083
0.000000
0.000000
0.000000
0.000000
0.000000
0.000000
0.000000
0.000000
0.000000
0.000000
0.000000
0.002289
0.000000
0.000000
0.000000
0.000444
0.000000
0.000000
0.000000
0.005411
0.000000
0.000000
0.000000
0.000000
0.001184
0.000000
0.002516
0.000000
0.000000
0.000000
0.000000
0.001325
0.000000
0.002363
0.003909
0.000000
0.000000
0.000000
0.000000
0.000218
0.000000
0.000000
0.000000
0.000876
0.000000
0.000000
0.000000
0.003203
0.000000
0.000000
0.000000
0.000000
0.000000
0.000000
0.004501
0.000000
0.000798
0.000000
0.000000
0.000000
0.000000
0.000000
0.001150
0.000000
0.000000
0.000000
0.000287
0.000359
0.001435
0.000000
0.002225
0.002655
0.000000
0.000000
0.001149
0.000000
0.000000
0.002002
0.000000
0.000643
0.000000
0.000000
0.000929
0.001500
0.001642
0.000000
0.000000
0.000000
0.000000
0.000000
0.000000
0.004504
0.000000
0.000000
0.001783
0.000000
0.000785
0.002069
0.000000
0.001429
0.000000
0.000000
0.000000
0.000000
0.000000
0.003473
0.000000
0.000000
0.000000
0.000000
0.001338
0.001760
0.001901
0.000000
0.000000
0.000000
0.000717
0.000000
0.000000
0.000000
0.000000
0.000000
0.000000
0.000000
0.000000
0.001698
0.002404
0.000000
0.000000
0.000000
0.000000
0.000000
0.000000
0.002484
0.000000
0.000000
0.000000
0.000000
0.001127
0.000000
0.000000
0.000000
0.000000
0.000000
0.000000
0.000000
0.000000
0.005913
0.000000
0.000000
0.000000
0.000732
0.001024
0.000000
0.000000
0.000000
0.000000
0.000000
0.000000
0.000000
0.001537
0.001683
0.000000
0.000000
0.000000
0.000000
0.000220
0.000000
0.000000
0.000000
0.000000
0.000000
0.000439
0.000000
0.000219
0.001676
0.000000
0.000000
0.000000
0.000000
0.000442
0.000000
0.000000
0.000000
0.000000
0.000000
0.000000
0.001250
0.000000
0.000881
0.000000
0.000000
0.000000
0.000147
0.000000
0.003226
0.000000
0.000000
0.000000
0.000000
0.002273
0.000000
0.000659
0.000000
0.000000
0.000369
0.000000
0.001624
0.001845
0.002287
0.000000
0.000000
0.000000
0.000000
0.000000
0.000000
0.005852
0.000000
0.000000
0.000000
0.000000
0.000000
0.001027
0.000000
0.000000
0.000367
0.000807
0.000000
0.000000
0.000000
0.000000
0.000000
0.000000
0.000000
0.000000
0.000000
0.000000
0.000000
0.000000
0.000731
0.000000
0.002692
0.000000
0.000000
0.000000
0.000000
0.000000
0.000000
0.000000
0.000000
0.000952
0.000000
0.001610
0.002121
0.000000
0.002420
0.000000
0.000000
0.003216
0.000000
0.000963
0.000000
0.000000
0.000369
0.001843
0.000000
0.001402
0.000000
0.000000
0.000000
0.000000
0.000000
0.000000
0.001187
0.000000
0.000000
0.000000
0.000670
0.000000
0.000000
0.000000
0.000600
0.000000
0.000000
0.000000
0.000000
0.002325
0.000000
0.011098
0.000000
0.000000
0.000000
0.000000
0.000441
0.000000
0.002647
0.000000
0.000000
0.000660
0.000000
0.000000
0.003967
0.011139
0.000000
0.000000
0.001599
0.000000
0.000000
0.000000
0.000000
0.000000
0.000000
0.000000
0.001233
0.000000
0.003091
0.000000
0.000000
0.000000
0.000000
0.000000
0.000000
0.001369
0.000000
0.000000
0.002376
0.000000
0.000865
0.000000
0.000000
0.002545
0.000000
0.007445
0.000000
0.000000
0.001963
0.002471
0.004646
0.000000
0.000000
0.002836
0.003779
0.004938
0.000000
0.000000
0.000000
0.000000
0.002147
0.000000
0.000000
0.000000
0.000930
0.000000
0.000000
0.000000
0.003385
0.000000
0.000000
0.000000
0.000000
0.000000
0.000000
0.000000
0.000585
0.000000
0.000000
0.000000
0.000000
0.000000
0.000000
0.000000
0.000000
0.000000
0.000000
0.000000
0.000000
0.000000
0.001253
0.001695
0.001842
0.000000
0.000000
0.002305
0.000000
0.000000
0.002690
0.000000
0.000000
0.000000
0.003059
0.003606
0.006029
0.000000
0.000000
0.001388
0.003774
0.000000
0.000000
0.000000
0.002474
0.005558
0.000000
0.000000
0.000000
0.002515
0.002591
0.000000
0.000457
0.000000
0.000000
0.001443
0.000000
0.000000
0.001376
0.003513
0.000000
0.000000
0.000000
0.000000
0.000000
0.000000
0.002437
0.000000
0.000000
0.000000
0.000000
0.000000
0.000000
0.000000
0.000000
0.000000
0.000000
0.000000
0.000558
0.000000
0.000000
0.000478
0.000000
0.000000
0.000000
0.002803
0.000000
0.000000
0.002727
0.000000
0.000000
0.000000
0.000000
0.000000
0.000708
0.000000
0.000000
0.000000
0.000000
0.000629
0.000000
0.000158
0.000000
0.000000
0.000551
0.000000
0.000000
0.000551
0.000000
0.000000
0.002047
0.000000
0.000000
0.000000
0.000000
0.000000
0.002444
0.000000
0.000000
0.000951
0.000000
0.000000
0.001428
0.002221
0.000000
0.000000
0.001107
0.000000
0.001741
0.000000
0.008071
0.000000
0.000000
0.000631
0.000000
0.000000
0.002135
0.002687
0.000000
0.000000
0.001586
0.000000
0.000000
0.000000
0.001037
0.000000
0.000000
0.001341
0.000000
0.000000
0.003947
0.005363
0.000000
0.000000
0.000000
0.007648
0.000000
0.000000
0.000000
0.000000
0.000000
0.000000
0.000885
0.002573
0.000000
0.002175
0.000000
0.006340
0.000000
0.000000
0.007143
0.020441
0.000000
0.000000
0.000000
0.000000
0.000000
0.001773
0.004749
0.000000
0.000000
0.000000
0.002761
0.000000
0.000082
0.000000
0.000000
0.000000
0.000000
0.000000
0.000252
0.001849
0.000000
0.002860
0.004117
0.000000
0.000000
0.000000
0.007744
0.000000
0.010906
0.000000
0.000000
0.000000
0.000670
0.000000
0.000000
0.002109
0.000000
0.000000
0.003597
0.000000
0.000000
0.000000
0.006799
0.000000
0.000000
0.000000
0.000000
0.000000
0.001986
0.006552
0.000000
0.002074
0.000000
0.000000
0.000000
0.000000
0.000792
0.000000
0.000000
0.000000
0.001426
0.000000
0.000000
0.000000
0.000000
0.002430
0.000000
0.004940
0.000000
0.000000
0.003543
0.000000
0.000000
0.001263
0.002253
0.000000
0.000000
0.001593
0.007688
0.000000
0.000000
0.000000
0.004680
0.000000
0.000000
0.001073
0.000000
0.000000
0.000355
0.000000
0.000000
0.000982
0.000000
0.001428
0.000000
0.000000
0.004325
0.000000
0.000000
0.000000
0.000000
0.000000
0.000000
0.000000
0.000000
0.000650
0.002229
0.000000
0.000000
0.000000
0.000000
0.000000
0.000945
0.003021
0.000000
0.000000
0.000000
0.000563
0.000000
0.000657
0.000000
0.000000
0.000000
0.000000
0.003479
0.000000
0.004782
0.000000
0.000000
0.000000
0.000000
0.000000
0.001604
0.000000
0.000000
0.002169
0.002452
0.004522
0.000000
0.000000
0.003784
0.014997
0.000000
0.000650
0.001670
0.000000
0.000000
0.000559
0.001489
0.000000
0.000000
0.005526
0.000000
0.004756
0.000000
0.000000
0.000000
0.000000
0.000000
0.002071
0.000000
0.003869
0.000000
0.000000
0.000000
0.000000
0.000000
0.000000
0.003508
0.006226
0.000000
0.000000
0.001756
0.003411
0.000000
0.020543
0.022180
0.000000
0.000000
0.000000
0.000000
0.003842
0.000000
0.006175
0.000000
0.000000
0.000000
0.000000
0.000738
0.001476
0.000000
0.000000
0.000000
0.000000
0.000000
0.000739
0.000000
0.000091
0.000000
0.000000
0.001106
0.003684
0.006990
0.000000
0.000000
0.003689
0.000000
0.000000
0.003436
0.000000
0.002994
0.011110
0.000000
0.000000
0.002979
0.000000
0.001441
0.002251
0.000000
0.000000
0.006335
0.000000
0.000000
0.004320
0.018925
0.000000
0.000000
0.000787
0.000874
0.000000
0.000876
0.000000
0.002631
0.000000
0.000000
0.000000
0.000000
0.000000
0.000000
0.000000
0.000000
0.000000
0.004265
0.000000
0.000000
0.000000
0.000000
0.000000
0.010880
0.000000
0.000000
0.012653
0.041094
0.000000
0.000000
0.000000
0.000000
0.000000
0.000000
0.001001
0.000000
0.000000
0.004325
0.000000
0.000000
0.005710
0.000000
0.005971
0.000000
0.000000
0.001981
0.000000
0.000000
0.000000
0.000000
0.007338
0.000000
0.000000
0.000000
0.000000
0.008448
0.024393
0.034146
0.000000
0.003454
0.000000
0.000000
0.000000
0.007927
0.000000
0.000000
0.002939
0.000000
0.012413
0.000000
0.014841
0.017188
0.000000
0.008407
0.000000
0.000000
0.003996
0.000000
0.005632
0.016472
0.000000
0.000000
0.000000
0.000000
0.011440
0.050219
0.000000
0.000000
0.000000
0.000084
0.000252
0.000000
0.002782
0.000000
0.000000
0.002860
0.000000
0.005956
0.006874
0.026371
0.000000
0.000000
0.000000
0.000000
0.000563
0.000000
0.011017
0.013085
0.000000
0.000000
0.000000
0.000000
0.003586
0.009027
0.000000
0.003660
0.000000
0.000000
0.001997
0.000000
0.007590
0.014875
0.000000
0.000000
0.000000
0.000000
0.000000
0.000000
0.000000
0.003997
0.008217
0.000000
0.000000
0.004985
0.000000
0.000232
0.011658
0.000000
0.000000
0.000000
0.000000
0.000000
0.000000
0.000000
0.000000
0.000000
0.000799
0.000944
0.000000
0.000000
0.000000
0.000000
0.001307
0.000000
0.006403
0.008355
0.000000
0.000363
0.000000
0.000000
0.000290
0.000581
0.000000
0.000945
0.000000
0.006697
0.000000
0.008971
0.000000
0.000000
0.005912
0.000000
0.000358
0.002222
0.000000
0.000000
0.002080
0.003798
0.000000
0.001577
0.000000
0.000000
0.000000
0.000000
0.005010
0.000000
0.000000
0.000000
0.000000
0.000504
0.000000
0.002234
0.000000
0.000000
0.000000
0.000000
0.002948
0.000000
0.001693
0.000000
0.000000
0.000000
0.000000
0.000000
0.000000
0.001676
0.001822
0.000000
0.000000
0.000000
0.000000
0.000289
0.000000
0.000000
0.000000
0.000000
0.000000
0.000000
0.000000
0.000000
0.001014
0.002897
0.000000
0.000000
0.000000
0.000000
0.000000
0.000000
0.000000
0.000941
0.000000
0.000000
0.000000
0.000000
0.004055
0.000000
0.000000
0.000000
0.000000
0.000000
0.003349
0.000000
0.000000
0.000000
0.000000
0.000000
0.000000
0.008037
0.008980
0.011804
0.000000
0.000000
0.000000
0.001096
0.002994
0.000000
0.003935
0.007056
0.000000
0.000000
0.000000
0.003068
0.000000
0.000000
0.000000
0.000000
0.000000
0.000000
0.000000
0.000000
0.000572
0.000000
0.006741
0.000000
0.000000
0.000000
0.000000
0.012641
0.018290
0.000000
0.000000
0.003828
0.000000
0.000000
0.000000
0.000000
0.000000
0.000000
0.000000
0.000827
0.000000
0.000000
0.000000
0.000000
0.000000
0.000000
0.000000
0.000000
0.003911
0.022790
0.000000
0.000000
0.005156
0.000000
0.000000
0.000000
0.000000
0.002731
0.000000
0.000000
0.000000
0.000000
0.000000
0.000537
0.000000
0.000000
0.002077
0.007068
0.000000
0.000000
0.000769
0.000000
0.000000
0.000000
0.000000
0.001789
0.000000
0.000000
0.002263
0.000000
0.000000
0.000000
0.000000
0.004132
0.008946
0.000000
0.000000
0.000000
0.001791
0.000000
0.001158
0.002007
0.000000
0.004946
0.000000
0.000000
0.000000
0.000000
0.000000
0.000000
0.000698
0.006508
0.000000
0.004190
0.000000
0.000000
0.000398
0.000000
0.004141
0.000000
0.000000
0.000000
0.002950
0.000000
0.000000
0.000240
0.000000
0.000000
0.001923
0.000000
0.000000
0.000000
0.000000
0.000000
0.000792
0.000000
0.000000
0.000000
0.000000
0.000398
0.000000
0.000639
0.000000
0.000000
0.000000
0.001844
0.000000
0.000000
0.000558
0.000000
0.002071
0.000000
0.000000
0.000000
0.001028
0.000000
0.003249
0.000000
0.003895
0.000000
0.000000
0.000000
0.000000
0.000000
0.000000
0.000000
0.000000
0.001131
0.001373
0.000000
0.000080
0.000000
0.000000
0.000000
0.002178
0.000000
0.000162
0.006060
0.000000
0.003645
0.000000
0.000000
0.000319
0.000000
0.000319
0.005826
0.006381
0.000000
0.000000
0.000000
0.000000
0.000158
0.000000
0.004124
0.000000
0.000000
0.000000
0.000000
0.000000
0.001765
0.001925
0.000000
0.000000
0.000000
0.000000
0.000000
0.001535
0.000000
0.000722
0.000000
0.000000
0.000000
0.002402
0.010469
0.000000
0.000000
0.006749
0.000000
0.000000
0.001858
0.000000
0.000000
0.000000
0.000000
0.000000
0.000000
0.000079
0.000000
0.000000
0.000000
0.004262
0.000000
0.000000
0.000000
0.001342
0.000000
0.003536
0.000000
0.002339
0.003739
0.000000
0.000000
0.003685
0.000000
0.000000
0.000000
0.000000
0.000000
0.000000
0.003890
0.000000
0.000000
0.000234
0.000467
0.000000
0.000000
0.003010
0.000000
0.000000
0.000000
0.000000
0.000000
0.000000
0.000306
0.000000
0.006631
0.000000
0.000000
0.000000
0.000000
0.000000
0.000000
0.000000
0.000000
0.000457
0.000000
0.000000
0.000000
0.002717
0.003545
0.000000
0.000000
0.000000
0.000000
0.000000
0.003223
0.000000
0.000000
0.000000
0.000000
0.003946
0.000000
0.000000
0.003000
0.000000
0.000000
0.000000
0.000000
0.000000
0.000000
0.000000
0.002605
0.000000
0.000541
0.000000
0.000000
0.000000
0.001406
0.003045
0.000000
0.000000
0.000000
0.000000
0.000000
0.000000
0.000000
0.000160
0.000000
0.000000
0.001609
0.008839
0.000000
0.001941
0.000000
0.000000
0.003932
0.000000
0.000000
0.000000
0.007890
0.000000
0.002332
0.000000
0.000000
0.000000
0.003020
0.000000
0.000000
0.002623
0.005952
0.000000
0.000000
0.002029
0.000000
0.000000
0.000000
0.002578
0.000000
0.006349
0.007362
0.000000
0.000000
0.000000
0.000000
0.000000
0.002902
0.000000
0.002065
0.000000
0.000000
0.003733
0.000000
0.000000
0.001432
0.003101
0.008020
0.015599
0.000000
0.000000
0.002937
0.000000
0.000000
0.009663
0.000000
0.000000
0.007342
0.010634
0.000000
0.002171
0.000000
0.000000
0.000079
0.000000
0.000000
0.011343
0.000000
0.000000
0.006625
0.000000
0.000000
0.000000
0.000000
0.000000
0.000000
0.001446
0.000000
0.000000
0.000000
0.000000
0.000000
0.000000
0.000000
0.000000
0.000000
0.000000
0.000000
0.000000
0.000000
0.000000
0.000000
0.000000
0.000000
0.000000
0.000000
0.000000
0.000000
0.000000
0.002281
0.000000
0.000000
0.006848
0.000000
0.000000
0.004270
0.000000
0.000000
0.000000
0.000000
0.000000
0.005514
0.000000
0.000000
0.000000
0.000000
0.000000
0.008336
0.000000
0.000000
0.000000
0.006556
0.000000
0.000000
0.006502
0.000000
0.000000
0.003066
0.000000
0.000000
0.006954
0.000000
0.000000
0.000000
0.000000
0.000851
0.000000
0.000000
0.001641
0.000000
0.000000
0.000000
0.000000
0.001919
0.002140
0.000000
0.000000
0.000000
0.008213
0.000000
0.000000
0.000000
0.000787
0.000000
0.000000
0.000000
0.000000
0.000000
0.014436
0.000000
0.000000
0.000000
0.001632
0.000000
0.000071
0.002342
0.000000
0.000000
0.000000
0.000000
0.003495
0.000000
0.002870
0.000000
0.000000
0.002638
0.000000
0.000000
0.000000
0.008106
0.000000
0.001888
0.000000
0.000000
0.002352
0.000000
0.000000
0.000000
0.000000
0.000000
0.005852
0.000000
0.000000
0.002909
0.007063
0.000000
0.000000
0.000000
0.000000
0.000000
0.008206
0.010067
0.000000
0.000000
0.000000
0.000000
0.000000
0.000000
0.002152
0.000000
0.000000
0.000000
0.000483
0.000000
0.000000
0.001130
0.005485
0.000000
0.001372
0.000000
0.001050
0.002179
0.000000
0.000000
0.000000
0.000000
0.006115
0.000000
0.000000
0.000000
0.001803
0.000000
0.000000
0.000000
0.001075
0.000000
0.002728
0.000000
0.000664
0.000000
0.000000
0.000000
0.000000
0.000000
0.000000
0.000844
0.000000
0.001941
0.005479
0.000000
0.000000
0.000000
0.000000
0.000000
0.000000
0.005076
0.000000
0.000000
0.002454
0.000000
0.000000
0.000000
0.000000
0.000000
0.003047
0.000000
0.000000
0.001944
0.000000
0.000667
0.000000
0.000000
0.000000
0.000000
0.005139
0.006128
0.000000
0.000000
0.003888
0.000000
0.002115
0.000000
0.000000
0.001530
0.000000
0.003660
0.000000
0.000926
0.001094
0.000000
0.000000
0.000675
0.000000
0.004553
0.011015
0.000000
0.000000
0.000000
0.000000
0.000000
0.000000
0.000000
0.000000
0.000000
0.000000
0.000000
0.000000
0.001848
0.000000
0.005528
0.000000
0.000000
0.002258
0.000000
0.000000
0.000000
0.000571
0.000000
0.000000
0.000000
0.000000
0.000000
0.000000
0.000000
0.000000
0.000000
0.000000
0.000505
0.000000
0.000423
0.001267
0.004052
0.000000
0.000000
0.000000
0.000000
0.001155
0.000000
0.005356
0.000000
0.005675
0.000000
0.000000
0.000000
0.000000
0.000000
0.002389
0.000000
0.007594
0.008413
0.000000
0.000244
0.000000
0.000000
0.002117
0.000000
0.000000
0.000000
0.004337
0.000000
0.001369
0.000000
0.000000
0.000000
0.007620
0.000000
0.008236
0.013791
0.000000
0.000000
0.006171
0.000000
0.000000
0.000000
0.000000
0.003988
0.000000
0.000000
0.000000
0.000000
0.003337
0.000000
0.000000
0.000000
0.014002
0.000000
0.000000
0.000000
0.005674
0.000000
0.000000
0.000000
0.000000
0.001287
0.000000
0.000000
0.000000
0.000000
0.000000
0.000000
0.004570
0.000000
0.000799
0.000000
0.000000
0.008712
0.017348
0.000000
0.000000
0.000000
0.002077
0.007834
0.000000
0.000000
0.000000
0.000000
0.000000
0.000000
0.000000
0.000000
0.006595
0.000000
0.000000
0.000000
0.000000
0.005295
0.000000
0.000000
0.000000
0.000000
0.001650
0.000000
0.006406
0.000000
0.000000
0.002916
0.000000
0.002489
0.000000
0.000000
0.000000
0.007470
0.000000
0.000000
0.000000
0.001143
0.000000
0.002285
0.000000
0.000000
0.000000
0.000000
0.000000
0.000000
0.001049
0.000000
0.004934
0.010085
0.000000
0.000000
0.000977
0.004230
0.000000
0.000000
0.000000
0.004751
0.000000
0.000000
0.000000
0.000000
0.000403
0.003221
0.003542
0.000000
0.000000
0.002268
0.000000
0.000000
0.003994
0.000000
0.000000
0.000000
0.000000
0.000000
0.022524
0.000000
0.000000
0.000000
0.000000
0.011777
0.013261
0.000000
0.000000
0.004471
0.000000
0.000000
0.002826
0.016675
0.019692
0.035053
0.000000
0.000000
0.000000
0.000000
0.000000
0.000000
0.001759
0.000000
0.000000
0.000000
0.000000
0.000000
0.031378
0.000000
0.016672
0.000000
0.000000
0.000000
0.002146
0.000000
0.000000
0.001307
0.000000
0.000000
0.000000
0.001152
0.000000
0.000000
0.009817
0.000000
0.015921
0.000000
0.000000
0.002740
0.000000
0.000000
0.006156
0.000000
0.004754
0.030694
0.000000
0.000000
0.000000
0.000000
0.003250
0.000000
0.000000
0.000501
0.000000
0.000000
0.000000
0.000000
0.000000
0.001865
0.000000
0.000645
0.000000
0.000000
0.000000
0.000000
0.000000
0.009679
0.000000
0.000000
0.000000
0.000000
0.009756
0.000000
0.010093
0.000000
0.000000
0.001989
0.000000
0.002217
0.007905
0.010419
0.000000
0.000000
0.000000
0.006178
0.000000
0.000000
0.005065
0.011189
0.000000
0.000000
0.000000
0.000000
0.000000
0.000000
0.000000
0.000826
0.000000
0.000000
0.000000
0.000000
0.000000
0.000000
0.000000
0.000000
0.000000
0.000000
0.012981
0.000000
0.000000
0.000000
0.000000
0.000000
0.000000
0.000000
0.009769
0.012642
0.000000
0.006345
0.000000
0.000000
0.000000
0.000000
0.000000
0.009574
0.020096
0.000000
0.000000
0.000000
0.000000
0.008981
0.000000
0.003085
0.000000
0.009466
0.000000
0.000000
0.000000
0.000000
0.000000
0.003763
0.007512
0.008735
0.000000
0.000000
0.012006
0.000000
0.000000
0.000000
0.002467
0.019426
0.000000
0.002277
0.000000
0.000000
0.016299
0.000000
0.000000
0.000000
0.045902
0.056309
0.061645
0.000000
0.000000
0.000000
0.000000
0.000000
0.000000
0.004834
0.000000
0.000000
0.000000
0.000000
0.001618
0.000000
0.000000
0.008088
0.000000
0.000000
0.000000
0.003046
0.000000
0.000000
0.000000
0.000000
0.029590
0.000000
0.000000
0.000000
0.003534
0.000000
0.000000
0.000000
0.010897
0.000000
0.000000
0.000000
0.072940
0.000000
0.000000
0.011520
0.000000
0.000000
0.000000
0.000000
0.000000
0.003528
0.000000
0.005064
0.027631
0.050628
0.000000
0.000000
0.004144
0.000000
0.008862
0.000000
0.000000
0.011836
0.000000
0.000000
0.026496
0.062466
0.074120
0.000000
0.000000
0.062566
0.000000
0.000000
0.000000
0.000000
0.000000
0.000000
0.000000
0.000000
0.089425
0.652252
0.000000
0.000000
0.000000
0.000000
0.121431
0.000000
0.000000
0.000000
0.021613
0.000000
0.038863
0.000000
0.000000
0.000000
0.000000
0.000000
0.002566
0.010776
0.000000
0.000000
0.000000
0.000000
0.000000
0.000000
0.000000
0.000000
0.000000
0.000000
0.000000
0.000000
0.020287
0.000000
0.000000
0.004708
0.016339
0.000000
0.000352
0.000000
0.000000
0.000000
0.000000
0.007065
0.000000
0.000000
0.008956
0.012857
0.000000
0.000000
0.000000
0.005609
0.000000
0.000000
0.000000
0.000000
0.000000
0.000000
0.000000
0.000000
0.005905
0.006744
0.000000
0.000000
0.000000
0.000000
0.000000
0.000262
0.001874
0.000000
0.000000
0.006527
0.000000
0.000000
0.000000
0.000000
0.000000
0.000760
0.000000
0.004634
0.000000
0.000000
0.000000
0.004968
0.006231
0.000000
0.000000
0.000000
0.000000
0.005889
0.000000
0.000000
0.000000
0.000000
0.000000
0.000000
0.000000
0.000000
0.000000
0.001606
0.000000
0.000000
0.000000
0.005556
0.000000
0.000000
0.000000
0.008219
0.000000
0.000000
0.000000
0.000000
0.000000
0.000000
0.000000
0.002073
0.000000
0.000000
0.000000
0.000000
0.006215
0.014797
0.000000
0.000000
0.000000
0.000000
0.000000
0.001342
0.007238
0.000000
0.000939
0.001164
0.000000
0.000000
0.000000
0.000000
0.007632
0.000000
0.007036
0.000000
0.000000
0.000000
0.000000
0.000000
0.000000
0.003292
0.007476
0.011857
0.000000
0.000000
0.000000
0.000000
0.000000
0.000000
0.000000
0.000000
0.000000
0.000000
0.000000
0.005374
0.000000
0.000000
0.000000
0.001474
0.000000
0.004206
0.000000
0.000000
0.000000
0.000000
0.000000
0.000000
0.000000
0.000000
0.000000
0.000000
0.000000
0.000000
0.000000
0.000000
0.000707
0.001042
0.001265
0.000000
0.000000
0.000000
0.000000
0.000000
0.000000
0.000000
0.000000
0.000000
0.000000
0.001826
0.000000
0.000893
0.000000
0.000000
0.000078
0.000000
0.000351
0.000000
0.002493
0.000000
0.000000
0.000000
0.009544
0.000000
0.000000
0.000000
0.002545
0.000000
0.000000
0.000000
0.000000
0.000000
0.000000
0.001416
0.000000
0.000000
0.000000
0.001017
0.000000
0.000078
0.000000
0.000000
0.000000
0.000000
0.000000
0.000000
0.000000
0.000000
0.001948
0.004566
0.000000
0.000000
0.003418
0.005082
0.000000
0.000000
0.011889
0.000000
0.000000
0.000000
0.000000
0.000000
0.000000
0.001308
0.000000
0.000000
0.000929
0.004641
0.000000
0.005682
0.000000
0.000000
0.000000
0.011121
0.000000
0.000000
0.000000
0.000000
0.000000
0.000000
0.000801
0.000839
0.000000
0.000000
0.000000
0.000000
0.000000
0.000000
0.000000
0.000000
0.000000
0.000000
0.000000
0.000000
0.002140
0.000000
0.000000
0.000000
0.000000
0.000000
0.000000
0.000000
0.000000
0.002670
0.000000
0.001545
0.007452
0.000000
0.000748
0.000000
0.000000
0.000000
0.000000
0.000000
0.000000
0.000000
0.000000
0.000814
0.000000
0.000000
0.000311
0.000000
0.000000
0.000000
0.005388
0.000000
0.000000
0.000000
0.007932
0.000000
0.000000
0.000000
0.000000
0.000000
0.005388
0.000000
0.003676
0.016711
0.000000
0.000000
0.001656
0.000000
0.000000
0.000000
0.000000
0.004047
0.004217
0.009137
0.000000
0.000000
0.000000
0.004021
0.000000
0.000000
0.002433
0.000000
0.000000
0.000000
0.000000
0.000000
0.000000
0.000000
0.000000
0.001509
0.004355
0.005190
0.007609
0.000000
0.000000
0.000000
0.000000
0.013463
0.000000
0.000000
0.000000
0.002435
0.000000
0.000000
0.000000
0.000000
0.000000
0.000000
0.000000
0.000000
0.000000
0.000000
0.013553
0.018791
0.000000
0.000000
0.001295
0.000000
0.035457
0.000000
0.012789
0.000000
0.004489
0.000000
0.000000
0.000000
0.005456
0.000000
0.000000
0.000000
0.000000
0.000000
0.012501
0.000000
0.000000
0.007396
0.000000
0.000000
0.000000
0.006819
0.000000
0.000000
0.000000
0.001015
0.003549
0.000000
0.015625
0.000000
0.000000
0.000000
0.000000
0.000000
0.006544
0.000000
0.000000
0.000000
0.000000
0.000000
0.000000
0.005064
0.000000
0.001552
0.000000
0.000000
0.000000
0.000000
0.000000
0.008103
0.000000
0.006755
0.000000
0.000000
0.000000
0.000000
0.010191
0.000000
0.009672
0.000000
0.000000
0.013132
0.000000
0.015584
0.000000
0.018057
0.000000
0.000000
0.000596
0.005400
0.009746
0.000000
0.002439
0.000000
0.000000
0.002871
0.003180
0.000000
0.000000
0.000000
0.000000
0.000000
0.003118
0.000000
0.001962
0.000000
0.000000
0.000000
0.000000
0.000000
0.000000
0.000000
0.000000
0.000000
0.000000
0.000000
0.000000
0.000000
0.019020
0.000000
0.000000
0.000000
0.002691
0.009439
0.000000
0.000000
0.000000
0.000000
0.000000
0.000000
0.001431
0.000000
0.000000
0.000000
0.000000
0.000000
0.000000
0.000000
0.003787
0.000000
0.003159
0.000000
0.000000
0.000000
0.000762
0.000000
0.000000
0.000000
0.000586
0.001929
0.000000
0.000000
0.000000
0.000000
0.000000
0.000000
0.001318
0.000000
0.000000
0.000000
0.000000
0.000137
0.000275
0.000000
0.000000
0.000000
0.000000
0.000103
0.000000
0.000000
0.000000
0.002234
0.000000
0.000000
0.000000
0.000789
0.003190
0.000000
0.000000
0.001511
0.000000
0.002777
0.003768
0.000000
0.000480
0.000000
0.000000
0.000000
0.000000
0.000000
0.000649
0.004848
0.000000
0.000000
0.000000
0.000000
0.001645
0.000000
0.000000
0.000000
0.000581
0.000752
0.000000
0.000000
0.000000
0.000000
0.000617
0.005719
0.000000
0.000000
0.008325
0.000000
0.000000
0.002339
0.000000
0.003345
0.000000
0.000000
0.003172
0.005022
0.000000
0.000000
0.000734
0.000000
0.000000
0.000000
0.000066
0.000000
0.000000
0.000000
0.000000
0.000000
0.000000
0.000000
0.000000
0.000000
0.002826
0.003383
0.000000
0.000329
0.000000
0.002228
0.000000
0.000000
0.000000
0.000000
0.000000
0.000000
0.000000
0.000000
0.000000
0.000000
0.000000
0.000000
0.001024
0.000000
0.000000
0.000000
0.004419
0.000000
0.000000
0.000000
0.000000
0.000000
0.000000
0.000000
0.000000
0.002482
0.000000
0.000000
0.000000
0.000000
0.000000
0.000000
0.000000
0.000000
0.000000
0.000000
0.000000
0.000000
0.000000
0.000000
0.001775
0.001843
0.000000
0.000000
0.000854
0.000000
0.000000
0.000000
0.000000
0.000000
0.000000
0.000000
0.000000
0.000000
0.000000
0.000000
0.000000
0.000000
0.000000
0.000000
0.000000
0.000000
0.000000
0.002472
0.000000
0.000000
0.000000
0.000000
0.000000
0.000000
0.000000
0.000912
0.000000
0.000134
0.000000
0.000000
0.000000
0.000000
0.000136
0.000000
0.000237
0.000000
0.000000
0.000000
0.001292
0.000000
0.000271
0.000644
0.000000
0.000000
0.001221
0.000000
0.000000
0.000000
0.000000
0.000136
0.000000
0.003586
0.000000
0.000000
0.000444
0.000000
0.000000
0.000000
0.000000
0.000000
0.000000
0.000000
0.000000
0.000000
0.000000
0.001295
0.000000
0.000000
0.001906
0.000000
0.000000
0.000000
0.000000
0.000000
0.004974
0.000000
0.001328
0.000000
0.000000
0.000000
0.000000
0.000000
0.000000
0.003271
0.003679
0.005886
0.010323
0.000000
0.000949
0.000000
0.000000
0.000000
0.000000
0.000000
0.000000
0.000000
0.000000
0.000000
0.000000
0.000000
0.000000
0.000515
0.000000
0.000000
0.000000
0.000000
0.000000
0.000000
0.000000
0.003120
0.000000
0.000000
0.000000
0.000000
0.000000
0.000000
0.000000
0.000972
0.000000
0.000000
0.000000
0.000000
0.001630
0.000000
0.000000
0.000000
0.000139
0.000000
0.000000
0.000000
0.008651
0.000000
0.000000
0.000000
0.000000
0.000000
0.002271
0.000000
0.000000
0.000000
0.000000
0.000000
0.000000
0.002720
0.000000
0.000000
0.000000
0.001935
0.000000
0.000000
0.000000
0.000000
0.003383
0.009991
0.000000
0.000000
0.000000
0.000000
0.000000
0.000000
0.000000
0.004053
0.006857
0.000000
0.000000
0.000000
0.000000
0.000000
0.000000
0.000000
0.000000
0.000000
0.000571
0.000000
0.000355
0.000000
0.000000
0.000809
0.001511
0.000000
0.000000
0.000000
0.000000
0.000000
0.000000
0.000000
0.000000
0.000249
0.002096
0.009966
0.000000
0.000000
0.000000
0.003373
0.000000
0.012868
0.000000
0.000000
0.000000
0.000000
0.000000
0.001176
0.003062
0.000000
0.001877
0.000000
0.000000
0.000000
0.000000
0.000000
0.002639
0.000000
0.001268
0.000000
0.000000
0.000000
0.002916
0.000000
0.000000
0.000000
0.000337
0.000000
0.000000
0.000000
0.010730
0.023557
0.000000
0.000000
0.000972
0.000000
0.000000
0.000000
0.000000
0.000000
0.002102
0.000000
0.000000
0.001988
0.000000
0.002319
0.000000
0.000693
0.000000
0.000000
0.001584
0.000000
0.000000
0.000000
0.000000
0.000000
0.000000
0.000000
0.000000
0.000337
0.000000
0.000000
0.000000
0.016943
0.000000
0.000000
0.000000
0.000000
0.009215
0.000000
0.000000
0.000000
0.000000
0.002088
0.000000
0.000000
0.000000
0.000000
0.002195
0.000000
0.000000
0.000000
0.000000
0.000000
0.000000
0.000000
0.001112
0.000000
0.000000
0.000000
0.000386
0.000000
0.001691
0.000000
0.000000
0.000000
0.000000
0.003575
0.000000
0.000000
0.007564
0.000000
0.005514
0.008643
0.000000
0.000000
0.000000
0.000000
0.000000
0.000000
0.000000
0.001564
0.000000
0.004610
0.000000
0.000000
0.000000
0.004357
0.000000
0.000958
0.003395
0.011954
0.000000
0.000000
0.000000
0.000000
0.000614
0.000000
0.000000
0.000000
0.000000
0.000000
0.000000
0.004256
0.000000
0.000000
0.000000
0.000000
0.000000
0.000000
0.000000
0.003929
0.009187
0.000000
0.000000
0.002560
0.000000
0.000000
0.000000
0.000000
0.000000
0.000000
0.000000
0.001307
0.000000
0.000000
0.018120
0.000000
0.000000
0.002206
0.000000
0.000000
0.000000
0.000635
0.000000
0.000000
0.000000
0.000000
0.001478
0.000000
0.000000
0.006153
0.000000
0.000000
0.000000
0.000000
0.000000
0.000000
0.005384
0.000000
0.000000
0.000000
0.001211
0.000000
0.000000
0.000000
0.000000
0.000520
0.000000
0.001528
0.000000
0.009418
0.000000
0.000000
0.000000
0.000000
0.000000
0.000947
0.001294
0.000000
0.000000
0.002324
0.000000
0.002902
0.000000
0.000000
0.000000
0.000000
0.000000
0.000777
0.000000
0.000000
0.000000
0.000000
0.000000
0.000031
0.002683
0.000000
0.007663
0.008905
0.000000
0.000000
0.000000
0.000000
0.000000
0.000000
0.000000
0.000000
0.000000
0.000000
0.000000
0.000000
0.003465
0.000000
0.000000
0.000000
0.000000
0.000000
0.000000
0.000000
0.008980
0.000000
0.010182
0.000000
0.000000
0.002165
0.000000
0.007900
0.000000
0.000000
0.000000
0.000000
0.000000
0.000000
0.001654
0.005048
0.000000
0.000000
0.005476
0.000000
0.000000
0.000000
0.004626
0.000000
0.000000
0.001188
0.000000
0.000327
0.000000
0.000000
0.000000
0.004127
0.000000
0.000940
0.000000
0.000000
0.000000
0.000000
0.000000
0.000000
0.002097
0.000000
0.006073
0.000000
0.000000
0.000000
0.000000
0.000000
0.000000
0.004520
0.000000
0.000000
0.000000
0.000000
0.000000
0.003792
0.000000
0.000000
0.000000
0.000000
0.001426
0.000000
0.004029
0.000000
0.006625
0.000000
0.000000
0.000000
0.000000
0.000000
0.000000
0.004690
0.000000
0.000000
0.000000
0.000000
0.001581
0.000000
0.000000
0.000000
0.000000
0.000000
0.000000
0.000000
0.004693
0.005897
0.000000
0.000000
0.000000
0.000000
0.012491
0.000000
0.000000
0.000000
0.000000
0.000000
0.000000
0.000897
0.002437
0.000000
0.000000
0.000000
0.000000
0.001386
0.001669
0.003900
0.000000
0.000000
0.000000
0.002266
0.000000
0.000000
0.000000
0.001360
0.000000
0.001050
0.000000
0.000000
0.000311
0.000566
0.000000
0.000000
0.000000
0.000532
0.000000
0.001543
0.000000
0.001318
0.002803
0.000000
0.000000
0.000000
0.000000
0.001525
0.006590
0.000000
0.000000
0.000000
0.000000
0.000000
0.000195
0.000836
0.000000
0.000000
0.000224
0.000000
0.002199
0.000000
0.000556
0.003083
0.000000
0.000000
0.000000
0.000000
0.000278
0.000000
0.000000
0.000000
0.000000
0.000000
0.003963
0.000000
0.000000
0.000000
0.000000
0.000000
0.000000
0.000000
0.000000
0.004743
0.007375
0.000000
0.000000
0.000000
0.000164
0.001366
0.000000
0.002894
0.000000
0.000000
0.000835
0.000000
0.000000
0.000000
0.003880
0.000000
0.000000
0.000000
0.000567
0.000000
0.005454
0.000000
0.000000
0.000000
0.000000
0.000054
0.000162
0.000432
0.000000
0.000000
0.000000
0.000000
0.000000
0.001163
0.002656
0.000000
0.000000
0.000000
0.000000
0.000928
0.003822
0.000000
0.000000
0.001187
0.000000
0.000000
0.003597
0.004542
0.000000
0.000000
0.000000
0.000931
0.000000
0.000000
0.000000
0.000000
0.000000
0.000303
0.000000
0.000000
0.002714
0.000000
0.007231
0.000000
0.000000
0.002262
0.000000
0.000000
0.000000
0.001720
0.002819
0.000000
0.000000
0.000000
0.000000
0.000000
0.002070
0.000000
0.008926
0.000000
0.000000
0.000000
0.000000
0.000000
0.000942
0.004544
0.000000
0.000000
0.000000
0.000000
0.000000
0.003384
0.003628
0.000000
0.000000
0.000000
0.000000
0.000000
0.001461
0.000000
0.000000
0.000000
0.000000
0.000000
0.000000
0.000000
0.000000
0.000000
0.000000
0.001233
0.000000
0.001289
0.000000
0.001866
0.009204
0.000000
0.000000
0.000000
0.000000
0.002375
0.000000
0.000000
0.000000
0.000877
0.000000
0.000548
0.000000
0.000000
0.000000
0.000000
0.002930
0.000000
0.000000
0.001952
0.003277
0.000000
0.000000
0.002213
0.000000
0.000243
0.000000
0.000000
0.000000
0.000000
0.000000
0.000000
0.000000
0.000895
0.000000
0.000000
0.000000
0.000000
0.001613
0.000000
0.000000
0.000000
0.000000
0.001542
0.000000
0.000000
0.000000
0.000000
0.000000
0.000000
0.001783
0.000000
0.000000
0.000000
0.000000
0.000000
0.000000
0.000000
0.000247
0.001701
0.000000
0.001948
0.004439
0.000000
0.000000
0.000000
0.000511
0.000000
0.000000
0.000000
0.000000
0.000000
0.002739
0.000000
0.000000
0.000000
0.003893
0.000000
0.000000
0.000000
0.000000
0.000000
0.000000
0.002128
0.000000
0.000000
0.000583
0.000000
0.000000
0.000000
0.004322
0.000000
0.000000
0.000000
0.000000
0.000000
0.001055
0.000000
0.000000
0.000000
0.000000
0.000000
0.000000
0.000000
0.001230
0.000000
0.000000
0.000000
0.000000
0.000000
0.000000
0.000000
0.000000
0.007156
0.000000
0.000000
0.000000
0.000000
0.004231
0.000000
0.000000
0.001164
0.000000
0.000000
0.001086
0.000000
0.000000
0.000000
0.000000
0.001090
0.000000
0.000000
0.000944
0.000000
0.000000
0.000000
0.000000
0.000000
0.000134
0.000000
0.000000
0.000000
0.000000
0.000000
0.000000
0.000000
0.000379
0.000000
0.000000
0.000000
0.000000
0.000408
0.002499
0.003828
0.000000
0.000000
0.000000
0.003236
0.000000
0.000733
0.003064
0.005606
0.000000
0.001290
0.000000
0.000000
0.000000
0.000000
0.000000
0.000000
0.000000
0.000000
0.002480
0.000000
0.010966
0.029572
0.000000
0.000000
0.000000
0.000000
0.002098
0.000000
0.001353
0.000000
0.001035
0.000000
0.000283
0.000000
0.000517
0.000000
0.000000
0.000058
0.000000
0.000000
0.000000
0.000318
0.001301
0.004621
0.000000
0.000000
0.000000
0.000000
0.000000
0.000000
0.000000
0.000000
0.000000
0.000000
0.000000
0.000000
0.000000
0.001218
0.000000
0.000000
0.000000
0.000000
0.004426
0.000000
0.000000
0.000000
0.000735
0.000000
0.001796
0.003177
0.000000
0.000000
0.000000
0.000000
0.000511
0.000000
0.000000
0.000000
0.000000
0.000000
0.000000
0.000000
0.000000
0.001036
0.003532
0.000000
0.000000
0.000000
0.000000
0.000000
0.002767
0.000000
0.000000
0.000000
0.000000
0.000000
0.000000
0.002668
0.000000
0.000000
0.000000
0.005583
0.000000
0.000000
0.000000
0.001326
0.000000
0.000060
0.000000
0.000000
0.000000
0.001751
0.003137
0.000000
0.000000
0.000000
0.001974
0.000000
0.002704
0.000000
0.000000
0.000000
0.000924
0.000000
0.000646
0.000000
0.000000
0.000000
0.000000
0.000000
0.000000
0.000000
0.000461
0.000000
0.000000
0.000000
0.000000
0.000000
0.000000
0.000551
0.000000
0.000000
0.000000
0.000000
0.000000
0.003873
0.000000
0.005021
0.000000
0.000122
0.000000
0.000000
0.000000
0.000763
0.002655
0.000000
0.000000
0.000000
0.000000
0.000000
0.001232
0.003201
0.000000
0.000000
0.000990
0.000000
0.000000
0.001145
0.000000
0.001116
0.000000
0.002069
0.002562
0.000000
0.000000
0.001936
0.007210
0.000000
0.002172
0.000000
0.000000
0.000061
0.003461
0.004346
0.000000
0.000000
0.000000
0.000918
0.000000
0.001165
0.001839
0.000000
0.000000
0.000212
0.000000
0.000998
0.003658
0.000000
0.000000
0.000000
0.000000
0.004656
0.000000
0.002431
0.000000
0.000000
0.000000
0.000398
0.000948
0.000000
0.000337
0.000000
0.000000
0.000000
0.000000
0.000000
0.000000
0.000397
0.000000
0.003455
0.000000
0.000360
0.000000
0.000000
0.000000
0.000120
0.000000
0.003457
0.000000
0.000000
0.000000
0.000000
0.001426
0.000000
0.000000
0.000429
0.000000
0.000000
0.000000
0.000000
0.000000
0.000000
0.001037
0.000000
0.001985
0.000000
0.001129
0.000000
0.000000
0.000000
0.000000
0.000000
0.001988
0.000000
0.000000
0.000000
0.000000
0.000092
0.000738
0.000000
0.001077
0.000000
0.000000
0.000123
0.000000
0.000000
0.000092
0.000122
0.000000
0.000000
0.000000
0.001624
0.000000
0.000000
0.000000
0.000000
0.000000
0.002730
0.000000
0.000367
0.000000
0.000856
0.000000
0.000000
0.000000
0.000000
0.000000
0.000000
0.000000
0.000886
0.000000
0.000000
0.000000
0.000121
0.000000
0.000876
0.000000
0.000000
0.000000
0.000000
0.000000
0.000000
0.000000
0.000000
0.000000
0.000000
0.001165
0.001809
0.000000
0.000000
0.001382
0.000000
0.000000
0.000000
0.000000
0.000000
0.003036
0.000000
0.000000
0.000000
0.000334
0.001031
0.001334
0.000000
0.000000
0.000000
0.000000
0.000000
0.000000
0.000030
0.000000
0.001696
0.000000
0.000000
0.000000
0.001425
0.000000
0.000000
0.001667
0.000000
0.000000
0.000000
0.000000
0.000000
0.000000
0.000000
0.000000
0.000000
0.000000
0.000000
0.000000
0.001759
0.000000
0.002033
0.000000
0.000000
0.000000
0.000000
0.000000
0.002777
0.005426
0.000000
0.000000
0.000120
0.001498
0.001827
0.000000
0.000000
0.000000
0.000000
0.000000
0.000000
0.000000
0.000000
0.003137
0.000000
0.000000
0.000000
0.000000
0.000000
0.001096
0.000000
0.000549
0.000000
0.000579
0.002774
0.000000
0.000000
0.000000
0.000000
0.000000
0.000915
0.000000
0.001646
0.002864
0.000000
0.000000
0.000000
0.000944
0.000000
0.000000
0.000000
0.000000
0.000000
0.000000
0.000000
0.000000
0.001132
0.000000
0.000000
0.000000
0.000000
0.000000
0.000000
0.000527
0.003099
0.003532
0.000000
0.000000
0.000000
0.002608
0.003692
0.000000
0.000000
0.000000
0.000000
0.000000
0.000000
0.001455
0.005196
0.000000
0.000000
0.000431
0.001971
0.000000
0.000894
0.000000
0.000000
0.000000
0.000000
0.000000
0.000310
0.000000
0.003321
0.004497
0.000000
0.000000
0.000678
0.000000
0.000000
0.000000
0.000000
0.000000
0.000000
0.000000
0.000000
0.000000
0.001199
0.005315
0.000000
0.000213
0.000000
0.000000
0.000000
0.000000
0.000000
0.000000
0.000000
0.000000
0.000000
0.001005
0.000000
0.000000
0.000000
0.000000
0.000368
0.000000
0.003071
0.000000
0.000000
0.000000
0.000000
0.000000
0.000000
0.000000
0.000000
0.003100
0.000000
0.000030
0.001803
0.000000
0.002443
0.000000
0.000000
0.000000
0.000000
0.000000
0.001030
0.000000
0.000000
0.000000
0.003203
0.000000
0.000000
0.000000
0.000000
0.000000
0.000296
0.000000
0.002398
0.000000
0.000000
0.000000
0.000000
0.000000
0.002065
0.000000
0.000927
0.000000
0.000000
0.000000
0.003890
0.000000
0.000000
0.000000
0.000000
0.000000
0.000000
0.000359
0.000000
0.000000
0.000000
0.000000
0.000000
0.001064
0.000000
0.001580
0.000000
0.000000
0.001152
0.000000
0.000000
0.000000
0.000000
0.000000
0.000000
0.000000
0.000000
0.000000
0.000000
0.000000
0.000548
0.000000
0.000000
0.001187
0.002921
0.000000
0.000030
0.000000
0.000396
0.000000
0.000000
0.000395
0.001246
0.000000
0.000000
0.000000
0.000000
0.000000
0.000000
0.003199
0.003625
0.000000
0.000000
0.000000
0.000182
0.001728
0.000000
0.000000
0.000000
0.000000
0.000000
0.000000
0.000000
0.000000
0.002274
0.000000
0.000000
0.000000
0.000000
0.000000
0.000091
0.000000
0.000668
0.000000
0.000000
0.002123
0.000000
0.000000
0.006301
0.000000
0.000000
0.000306
0.000000
0.000000
0.000245
0.000000
0.001161
0.000000
0.000000
0.000000
0.001608
0.004942
0.000000
0.000000
0.000000
0.000188
0.000000
0.000063
0.002820
0.000000
0.000000
0.000000
0.000000
0.000000
0.000000
0.001256
0.000000
0.000000
0.000000
0.000000
0.000000
0.000667
0.002127
0.000000
0.000000
0.000000
0.000000
0.000192
0.000000
0.000000
0.000000
0.000000
0.000000
0.000000
0.000000
0.000224
0.000000
0.000000
0.000257
0.000610
0.000000
0.000000
0.000000
0.002099
0.005063
0.000000
0.000000
0.000000
0.000000
0.000194
0.000808
0.000000
0.000000
0.000000
0.000453
0.000000
0.000000
0.000000
0.000000
0.000000
0.000000
0.000000
0.000000
0.000000
0.000000
0.002637
0.000000
0.000000
0.000000
0.000456
0.000000
0.000000
0.002345
0.000000
0.000000
0.000000
0.000000
0.000492
0.000000
0.002553
0.000000
0.000000
0.000000
0.000000
0.001081
0.000000
0.000000
0.000000
0.000000
0.000000
0.000198
0.000000
0.000824
0.002274
0.000000
0.000000
0.000000
0.000000
0.000033
0.000000
0.000000
0.000395
0.000000
0.000231
0.000000
0.000000
0.000331
0.003576
0.000000
0.000000
0.000000
0.000000
0.002833
0.003464
0.000000
0.000698
0.000000
0.002836
0.000000
0.000000
0.000000
0.000000
0.003305
0.000000
0.000000
0.000000
0.000366
0.000000
0.001396
0.005179
0.000000
0.000000
0.000000
0.000000
0.000000
0.000000
0.000000
0.000000
0.000000
0.000000
0.000000
0.000000
0.000000
0.000000
0.000000
0.000000
0.001215
0.000000
0.000000
0.000000
0.000000
0.000000
0.000000
0.000000
0.000168
0.000000
0.000000
0.000000
0.000000
0.000000
0.000000
0.000000
0.000303
0.000606
0.000000
0.001216
0.001284
0.000000
0.000000
0.001009
0.000000
0.000000
0.000000
0.000000
0.000000
0.000000
0.000000
0.000000
0.000000
0.000000
0.000000
0.000000
0.000340
0.000000
0.004571
0.000000
0.000000
0.001351
0.000000
0.000000
0.000000
0.000000
0.001252
0.000000
0.000000
0.000000
0.000000
0.001567
0.002009
0.000000
0.000000
0.000000
0.000000
0.000000
0.000000
0.000998
0.000000
0.000000
0.000000
0.000000
0.000000
0.000000
0.000000
0.003723
0.000000
0.000000
0.000000
0.000000
0.001869
0.000000
0.000934
0.000000
0.000000
0.000827
0.000000
0.002745
0.006836
0.000000
0.000000
0.000133
0.000828
0.000000
0.003018
0.000000
0.000000
0.000133
0.000000
0.000000
0.000697
0.000000
0.003020
0.005501
0.000000
0.000000
0.000000
0.000000
0.000364
0.000000
0.000397
0.000000
0.000033
0.000000
0.002021
0.000000
0.000000
0.000266
0.000000
0.000000
0.000000
0.000000
0.000165
0.000000
0.000758
0.000000
0.000297
0.000000
0.000000
0.000000
0.000033
0.001712
0.003553
0.000000
0.000000
0.000000
0.000000
0.000719
0.000000
0.000000
0.000000
0.000000
0.000098
0.000000
0.000000
0.000000
0.000066
0.000000
0.000000
0.000000
0.000066
0.000000
0.000000
0.000000
0.000198
0.000000
0.000000
0.000000
0.000495
0.000000
0.000000
0.000000
0.000000
0.001752
0.000000
0.000726
0.000000
0.000000
0.000000
0.000000
0.000000
0.001859
0.000000
0.003885
0.004845
0.000000
0.000099
0.001217
0.000000
0.000000
0.000000
0.000000
0.000000
0.000000
0.003280
0.000000
0.000557
0.000000
0.000000
0.000000
0.000000
0.000033
0.000000
0.000000
0.000363
0.000000
0.000000
0.000000
0.000131
0.000000
0.000459
0.000000
0.000000
0.000000
0.000000
0.000000
0.000000
0.000326
0.000586
0.000000
0.000000
0.000457
0.000000
0.000000
0.000000
0.000000
0.001703
0.000000
0.000000
0.000748
0.000943
0.000000
0.000000
0.000000
0.000000
0.000000
0.000000
0.002245
0.000000
0.000000
0.000000
0.000000
0.000687
0.000000
0.000000
0.000000
0.000000
0.000000
0.000000
0.000000
0.000000
0.000000
0.000000
0.000000
0.002552
0.000000
0.000000
0.000000
0.000360
0.000000
0.000294
0.000000
0.000000
0.000000
0.000590
0.000000
0.000000
0.000821
0.000000
0.000000
0.000000
0.000000
0.000163
0.000000
0.000000
0.000000
0.002025
0.000000
0.000914
0.000000
0.000000
0.000000
0.000000
0.000748
0.000000
0.000000
0.000000
0.000000
0.000000
0.000000
0.000000
0.000000
0.000129
0.000000
0.000000
0.000000
0.000064
0.000838
0.000000
0.000000
0.000609
0.000000
0.000000
0.000160
0.000000
0.000000
0.000000
0.000000
0.001636
0.000000
0.000000
0.001190
0.000000
0.000000
0.000000
0.000000
0.000000
0.001643
0.000000
0.000000
0.002330
0.000000
0.000000
0.003389
0.000000
0.000612
0.000000
0.000000
0.000387
0.000000
0.000645
0.003224
0.000000
0.000000
0.000904
0.000000
0.000000
0.003755
0.004819
0.007654
0.000000
0.001195
0.000000
0.000000
0.000258
0.000000
0.000000
0.000000
0.000000
0.000000
0.000000
0.000000
0.000000
0.002301
0.000000
0.000000
0.000000
0.000000
0.000000
0.000000
0.002138
0.000000
0.000000
0.000000
0.000000
0.000000
0.000000
0.000000
0.000000
0.000000
0.000000
0.000355
0.000000
0.000000
0.000000
0.000000
0.000000
0.000000
0.000000
0.000000
0.000000
0.002151
0.009585
0.000000
0.000000
0.000000
0.000605
0.000000
0.003442
0.000000
0.000000
0.001272
0.000000
0.000000
0.002741
0.000000
0.000223
0.000000
0.000642
0.000000
0.000000
0.000927
0.000000
0.000000
0.001662
0.000000
0.001245
0.000000
0.000000
0.000000
0.000383
0.000000
0.000000
0.000000
0.000000
0.000000
0.000256
0.000000
0.000000
0.000859
0.000000
0.000000
0.000000
0.000000
0.002669
0.000000
0.000000
0.000000
0.000000
0.000000
0.001338
0.000000
0.000000
0.000000
0.000000
0.000000
0.000000
0.000000
0.002156
0.000000
0.000000
0.000000
0.000574
0.000000
0.000000
0.002971
0.000000
0.000000
0.000000
0.000478
0.000000
0.000000
0.000000
0.000000
0.000254
0.000000
0.000286
0.000000
0.000000
0.001432
0.005499
0.000000
0.000000
0.000000
0.002097
0.000000
0.000000
0.000000
0.000000
0.000000
0.000000
0.000000
0.001460
0.000000
0.000317
0.000000
0.000000
0.000000
0.000000
0.000000
0.003312
0.000000
0.000000
0.000699
0.000000
0.000223
0.000000
0.000000
0.000000
0.000000
0.000000
0.000000
0.000000
0.000000
0.000000
0.000000
0.000000
0.000000
0.000000
0.000921
0.000000
0.002225
0.000000
0.000000
0.000000
0.000000
0.000000
0.000543
0.000000
0.000000
0.000515
0.001029
0.000000
0.000000
0.000000
0.000000
0.002324
0.000000
0.000000
0.000000
0.000841
0.000000
0.000000
0.000000
0.000640
0.000000
0.000544
0.000000
0.002374
0.003494
0.000000
0.000384
0.000000
0.000000
0.000000
0.000416
0.002782
0.000000
0.000000
0.000000
0.000000
0.001054
0.002266
0.000000
0.000000
0.000000
0.000449
0.000000
0.000000
0.000224
0.001892
0.000000
0.000481
0.001444
0.000000
0.000000
0.000321
0.000000
0.000000
0.001893
0.000000
0.001438
0.000000
0.000639
0.003547
0.000000
0.000000
0.000193
0.000322
0.000000
0.000000
0.000000
0.000000
0.001579
0.000000
0.000000
0.002929
0.005048
0.000000
0.000000
0.000000
0.000032
0.000000
0.000258
0.000000
0.000000
0.000000
0.000000
0.000000
0.000000
0.000000
0.000032
0.001900
0.000000
0.000000
0.000800
0.000000
0.000384
0.003515
0.000000
0.000000
0.000000
0.000000
0.001675
0.000000
0.000000
0.000000
0.000000
0.000000
0.000000
0.000000
0.000326
0.000000
0.000000
0.000000
0.000000
0.000000
0.000000
0.000000
0.002833
0.000000
0.000000
0.000000
0.001077
0.000000
0.000000
0.000456
0.000717
0.000000
0.000000
0.000000
0.000000
0.002464
0.000000
0.000000
0.000000
0.000000
0.000565
0.000000
0.000266
0.000000
0.000000
0.000000
0.000000
0.001429
0.000000
0.000000
0.000000
0.000000
0.005003
0.000000
0.000000
0.000000
0.000531
0.000000
0.001461
0.001992
0.000000
0.000000
0.002127
0.000000
0.000000
0.000000
0.000000
0.000000
0.001449
0.000000
0.000000
0.001789
0.003002
0.000000
0.000000
0.000000
0.000000
0.000000
0.000000
0.000680
0.009039
0.000000
0.002222
0.000000
0.000000
0.000000
0.000000
0.000000
0.000000
0.000000
0.000000
0.000000
0.000600
0.000700
0.008496
0.000000
0.000065
0.000000
0.000000
0.001708
0.000000
0.000000
0.000000
0.000000
0.000427
0.000000
0.000000
0.002790
0.000000
0.000000
0.000000
0.000000
0.000000
0.000692
0.000000
0.000000
0.000000
0.000000
0.000000
0.000000
0.000000
0.004040
0.000000
0.000000
0.000493
0.000000
0.000000
0.000000
0.000000
0.000000
0.002309
0.000000
0.000000
0.000459
0.000000
0.003479
0.000000
0.000000
0.000000
0.000000
0.000000
0.000000
0.001800
0.000000
0.000000
0.000000
0.001123
0.000000
0.001190
0.000000
0.001499
0.000000
0.000000
0.000000
0.000661
0.000000
0.002313
0.002973
0.000000
0.001052
0.000000
0.000000
0.000328
0.002921
0.006652
0.000000
0.001953
0.000000
0.000228
0.000000
0.000000
0.000000
0.000000
0.000000
0.006827
0.000000
0.000000
0.000000
0.004007
0.000000
0.000000
0.000000
0.000000
0.000000
0.002412
0.000000
0.000000
0.001818
0.000000
0.000000
0.000000
0.000000
0.000000
0.000000
0.000000
0.000000
0.000000
0.000283
0.000629
0.000000
0.000000
0.000157
0.000000
0.000000
0.000787
0.000000
0.000441
0.000000
0.000286
0.000000
0.000000
0.001307
0.000000
0.000000
0.000000
0.000000
0.000000
0.000000
0.000000
0.000000
0.003327
0.000000
0.000000
0.000000
0.000262
0.000000
0.000000
0.001670
0.000000
0.000000
0.000000
0.000099
0.000000
0.000660
0.000000
0.001252
0.000000
0.000000
0.000495
0.000000
0.000000
0.000000
0.000000
0.000000
0.000000
0.000595
0.003435
0.000000
0.000000
0.000000
0.000000
0.000000
0.000000
0.000000
0.000437
0.000840
0.000000
0.000000
0.000000
0.000000
0.000000
0.003814
0.000000
0.000000
0.000000
0.001750
0.000000
0.000000
0.000000
0.001822
0.002293
0.000000
0.000000
0.000000
0.000000
0.000000
0.001803
0.000000
0.000000
0.000000
0.001106
0.000000
0.000940
0.001510
0.000000
0.000000
0.000000
0.000000
0.000000
0.000135
0.001718
0.000000
0.000000
0.000000
0.000000
0.000000
0.000000
0.000000
0.000000
0.000471
0.000000
0.000000
0.001471
0.001671
0.000000
0.000000
0.000000
0.000000
0.000000
0.000000
0.000983
0.000000
0.002340
0.000000
0.000000
0.000000
0.000000
0.000272
0.000000
0.005104
0.000000
0.000000
0.000307
0.000000
0.000000
0.000512
0.000000
0.000000
0.002119
0.000000
0.000000
0.000547
0.000000
0.000000
0.000000
0.000000
0.000719
0.000000
0.000000
0.000000
0.000000
0.001773
0.000000
0.000000
0.000000
0.000278
0.000000
0.001564
0.000000
0.000173
0.000000
0.000000
0.000000
0.000000
0.001805
0.000000
0.000000
0.000000
0.001489
0.000000
0.000000
0.003945
0.000000
0.000000
0.000000
0.000000
0.000000
0.001252
0.000000
0.000000
0.000000
0.000000
0.000000
0.000000
0.000000
0.000000
0.000000
0.000000
0.000313
0.000000
0.000000
0.002438
0.000000
0.000000
0.000000
0.000000
0.000035
0.000000
0.000000
0.000000
0.000000
0.000000
0.000000
0.000000
0.000000
0.000694
0.002878
0.000000
0.000000
0.000000
0.000000
0.000000
0.000000
0.000000
0.000000
0.000000
0.000106
0.000000
0.000000
0.000000
0.000000
0.000000
0.000000
0.005386
0.000000
0.000000
0.000000
0.006409
0.000000
0.000000
0.000488
0.000000
0.001498
0.002298
0.004139
0.000000
0.002364
0.000000
0.000000
0.000969
0.002215
0.000000
0.000000
0.000000
0.000000
0.000000
0.000521
0.000000
0.000594
0.000000
0.000000
0.000000
0.000000
0.000777
0.002188
0.000000
0.000000
0.000000
0.000000
0.000000
0.000000
0.000852
0.000000
0.000000
0.000000
0.000000
0.000000
0.000775
0.000000
0.000106
0.000000
0.000000
0.000000
0.000000
0.000285
0.000000
0.000000
0.000000
0.000000
0.000000
0.000000
0.000000
0.000000
0.001450
0.000000
0.000000
0.000000
0.000388
0.000000
0.000599
0.000000
0.000000
0.000000
0.000000
0.000000
0.000000
0.001947
0.004843
0.008436
0.000000
0.000387
0.000000
0.000000
0.000000
0.000000
0.000000
0.000000
0.000000
0.001556
0.001909
0.000000
0.000000
0.000496
0.000000
0.000355
0.000000
0.000779
0.001770
0.000000
0.001029
0.000000
0.000000
0.000000
0.000000
0.000000
0.000386
0.000000
0.000000
0.000000
0.001940
0.000000
0.000000
0.002848
0.000000
0.001737
0.002535
0.000000
0.000000
0.000000
0.000277
0.000000
0.000000
0.000000
0.000000
0.000000
0.000960
0.000000
0.000000
0.000000
0.000000
0.000000
0.000000
0.000000
0.001517
0.000000
0.000000
0.000000
0.003037
0.000000
0.000000
0.000000
0.000831
0.000000
0.000000
0.000000
0.000000
0.002907
0.000000
0.001293
0.000000
0.000000
0.000000
0.000000
0.001408
0.000000
0.000000
0.000000
0.000000
0.002463
0.000000
0.000000
0.001711
0.002189
0.000000
0.000511
0.000000
0.000000
0.000000
0.001773
0.000000
0.000000
0.000820
0.000000
0.000000
0.000000
0.004993
0.006388
0.000000
0.000000
0.000000
0.000273
0.001365
0.000000
0.000068
0.000000
0.000000
0.000000
0.000000
0.000000
0.000479
0.001026
0.000000
0.000000
0.000000
0.000000
0.000000
0.000000
0.000000
0.000000
0.000000
0.000759
0.000000
0.000000
0.000000
0.003373
0.000000
0.000000
0.000070
0.000000
0.000559
0.000000
0.000000
0.000000
0.000000
0.000000
0.000000
0.000000
0.000000
0.000000
0.000000
0.000000
0.000000
0.001187
0.002163
0.000000
0.000000
0.000000
0.000000
0.000000
0.000000
0.000035
0.004472
0.000000
0.000000
0.000035
0.000000
0.001415
0.002016
0.000000
0.001661
0.000000
0.001411
0.000000
0.000000
0.000141
0.003096
0.010462
0.000000
0.000000
0.000000
0.000000
0.000000
0.000000
0.000000
0.000000
0.000000
0.000000
0.000000
0.000000
0.000000
0.000000
0.000000
0.000000
0.000000
0.000000
0.000562
0.000000
0.000000
0.000000
0.000000
0.002249
0.000000
0.000000
0.000000
0.000000
0.006436
0.000000
0.000895
0.000000
0.000000
0.000000
0.005927
0.000000
0.000000
0.004799
0.000000
0.000000
0.000000
0.001311
0.007751
0.000000
0.002612
0.003351
0.000000
0.000000
0.000000
0.000000
0.000000
0.002544
0.005186
0.000000
0.000622
0.003383
0.000000
0.000000
0.000000
0.000000
0.000000
0.000855
0.003213
0.000000
0.000000
0.000000
0.002207
0.000000
0.001688
0.000000
0.000000
0.000000
0.000000
0.000068
0.000000
0.000000
0.000240
0.000000
0.003331
0.000000
0.000000
0.000481
0.000000
0.000000
0.006593
0.000000
0.000000
0.000000
0.000000
0.000000
0.002775
0.003616
0.000000
0.000000
0.000000
0.000000
0.000000
0.003687
0.004701
0.000000
0.000000
0.000000
0.000665
0.000840
0.000000
0.000000
0.000000
0.000000
0.000000
0.000000
0.003426
0.000000
0.000000
0.004098
0.000000
0.002693
0.000000
0.000000
0.000000
0.000249
0.000000
0.000000
0.000000
0.000000
0.000000
0.000000
0.003281
0.000000
0.000000
0.000000
0.000525
0.000000
0.001614
0.000000
0.004531
0.000000
0.000000
0.002147
0.000000
0.000000
0.001558
0.000000
0.000000
0.000000
0.000000
0.000000
0.000000
0.000000
0.000581
0.000000
0.000000
0.000000
0.007031
0.000000
0.002000
0.010492
0.000000
0.004004
0.000000
0.000000
0.003787
0.000000
0.001537
0.000000
0.000000
0.000000
0.000000
0.000072
0.000000
0.007029
0.000000
0.000719
0.000000
0.000000
0.000966
0.000000
0.000000
0.002757
0.000000
0.000635
0.000000
0.000071
0.000000
0.000000
0.000000
0.000000
0.000000
0.000000
0.000000
0.001471
0.000000
0.000000
0.000000
0.000000
0.000000
0.001349
0.000000
0.000000
0.000000
0.001170
0.000000
0.000000
0.001646
0.003180
0.000000
0.000000
0.002537
0.000000
0.000000
0.000110
0.000000
0.000000
0.000000
0.000000
0.000927
0.000000
0.000000
0.002227
0.000000
0.000000
0.000000
0.000000
0.000000
0.002557
0.004997
0.000000
0.000000
0.000000
0.000000
0.000000
0.001871
0.009487
0.012430
0.000000
0.000000
0.001981
0.000000
0.000000
0.000000
0.000000
0.000000
0.000000
0.000552
0.000000
0.000000
0.000000
0.000000
0.000000
0.000000
0.000000
0.000000
0.000000
0.000516
0.000000
0.000000
0.000000
0.000000
0.002412
0.000000
0.000000
0.000000
0.000879
0.000000
0.000000
0.000592
0.002330
0.000000
0.000000
0.000000
0.000000
0.000000
0.000000
0.000185
0.000000
0.001444
0.001592
0.000000
0.000000
0.000000
0.000000
0.000519
0.002596
0.000000
0.000000
0.000000
0.001664
0.000000
0.000000
0.000000
0.000000
0.000000
0.000260
0.000000
0.002697
0.000000
0.000000
0.000000
0.000000
0.000000
0.000000
0.000561
0.000000
0.000000
0.000000
0.000000
0.000000
0.000259
0.000000
0.001666
0.006766
0.000000
0.000000
0.000000
0.000000
0.000000
0.000000
0.000558
0.002901
0.000000
0.000000
0.000000
0.000000
0.003402
0.003657
0.000000
0.000000
0.000000
0.000000
0.000000
0.000000
0.003144
0.000000
0.001921
0.000000
0.000000
0.000000
0.002602
0.006384
0.000000
0.000000
0.000000
0.000000
0.000000
0.000000
0.000000
0.000000
